  8.5100000e+02	  6.8348892e+01	  5.1000000e+01
  8.5200000e+02	  7.0456688e+01	  5.1000000e+01
  8.5300000e+02	  7.2564484e+01	  5.1000000e+01
  8.5400000e+02	  7.4672279e+01	  5.1000000e+01
  8.5500000e+02	  7.6780075e+01	  5.1000000e+01
  8.5600000e+02	  7.8887871e+01	  5.1000000e+01
  8.5700000e+02	  8.0995659e+01	  5.1000000e+01
  8.5800000e+02	  8.3103455e+01	  5.1000000e+01
  8.5900000e+02	  8.5211250e+01	  5.1000000e+01
  8.6000000e+02	  8.7319046e+01	  5.1000000e+01
  8.6100000e+02	  8.9426842e+01	  5.1000000e+01
  8.6200000e+02	  9.1534630e+01	  5.1000000e+01
  8.6300000e+02	  9.3642426e+01	  5.1000000e+01
  8.6400000e+02	  9.5750221e+01	  5.1000000e+01
  8.6500000e+02	  9.7858017e+01	  5.1000000e+01
  8.6600000e+02	  9.9965805e+01	  5.1000000e+01
  8.6700000e+02	  1.0207360e+02	  5.1000000e+01
  8.6800000e+02	  1.0418140e+02	  5.1000000e+01
  8.6900000e+02	  1.0628919e+02	  5.1000000e+01
  8.7000000e+02	  1.0839699e+02	  5.1000000e+01
  8.7100000e+02	  1.1050478e+02	  5.1000000e+01
  8.7200000e+02	  1.1261257e+02	  5.1000000e+01
  8.7300000e+02	  1.1472037e+02	  5.1000000e+01
  8.7400000e+02	  1.1682816e+02	  5.1000000e+01
  8.7500000e+02	  1.1893596e+02	  5.1000000e+01
  8.7600000e+02	  1.2104375e+02	  5.1000000e+01
  8.7700000e+02	  1.2315154e+02	  5.1000000e+01
  8.7800000e+02	  1.2525934e+02	  5.1000000e+01
  8.7900000e+02	  1.2736713e+02	  5.1000000e+01
  8.8000000e+02	  1.2947493e+02	  5.1000000e+01
  8.8100000e+02	  1.3158272e+02	  5.1000000e+01
  8.8200000e+02	  1.3369052e+02	  5.1000000e+01
  8.8300000e+02	  1.3579831e+02	  5.1000000e+01
  8.8400000e+02	  1.3790610e+02	  5.1000000e+01
  8.8500000e+02	  6.8436394e+01	  5.3000000e+01
  8.8600000e+02	  7.0539192e+01	  5.3000000e+01
  8.8700000e+02	  7.2641983e+01	  5.3000000e+01
  8.8800000e+02	  7.4744781e+01	  5.3000000e+01
  8.8900000e+02	  7.6847572e+01	  5.3000000e+01
  8.9000000e+02	  7.8950371e+01	  5.3000000e+01
  8.9100000e+02	  8.1053162e+01	  5.3000000e+01
  8.9200000e+02	  8.3155952e+01	  5.3000000e+01
  8.9300000e+02	  8.5258751e+01	  5.3000000e+01
  8.9400000e+02	  8.7361542e+01	  5.3000000e+01
  8.9500000e+02	  8.9464340e+01	  5.3000000e+01
  8.9600000e+02	  9.1567131e+01	  5.3000000e+01
  8.9700000e+02	  9.3669930e+01	  5.3000000e+01
  8.9800000e+02	  9.5772720e+01	  5.3000000e+01
  8.9900000e+02	  9.7875511e+01	  5.3000000e+01
  9.0000000e+02	  9.9978310e+01	  5.3000000e+01
  9.0100000e+02	  1.0208110e+02	  5.3000000e+01
  9.0200000e+02	  1.0418390e+02	  5.3000000e+01
  9.0300000e+02	  1.0628669e+02	  5.3000000e+01
  9.0400000e+02	  1.0838949e+02	  5.3000000e+01
  9.0500000e+02	  1.1049228e+02	  5.3000000e+01
  9.0600000e+02	  1.1259508e+02	  5.3000000e+01
  9.0700000e+02	  1.1469787e+02	  5.3000000e+01
  9.0800000e+02	  1.1680066e+02	  5.3000000e+01
  9.0900000e+02	  1.1890346e+02	  5.3000000e+01
  9.1000000e+02	  1.2100625e+02	  5.3000000e+01
  9.1100000e+02	  1.2310904e+02	  5.3000000e+01
  9.1200000e+02	  1.2521184e+02	  5.3000000e+01
  9.1300000e+02	  1.2731463e+02	  5.3000000e+01
  9.1400000e+02	  1.2941742e+02	  5.3000000e+01
  9.1500000e+02	  1.3152022e+02	  5.3000000e+01
  9.1600000e+02	  1.3362302e+02	  5.3000000e+01
  9.1700000e+02	  1.3572581e+02	  5.3000000e+01
  9.1800000e+02	  1.3782860e+02	  5.3000000e+01
  9.1900000e+02	  6.8523895e+01	  5.5000000e+01
  9.2000000e+02	  7.0621689e+01	  5.5000000e+01
  9.2100000e+02	  7.2719482e+01	  5.5000000e+01
  9.2200000e+02	  7.4817284e+01	  5.5000000e+01
  9.2300000e+02	  7.6915077e+01	  5.5000000e+01
  9.2400000e+02	  7.9012871e+01	  5.5000000e+01
  9.2500000e+02	  8.1110664e+01	  5.5000000e+01
  9.2600000e+02	  8.3208458e+01	  5.5000000e+01
  9.2700000e+02	  8.5306252e+01	  5.5000000e+01
  9.2800000e+02	  8.7404045e+01	  5.5000000e+01
  9.2900000e+02	  8.9501839e+01	  5.5000000e+01
  9.3000000e+02	  9.1599632e+01	  5.5000000e+01
  9.3100000e+02	  9.3697426e+01	  5.5000000e+01
  9.3200000e+02	  9.5795219e+01	  5.5000000e+01
  9.3300000e+02	  9.7893013e+01	  5.5000000e+01
  9.3400000e+02	  9.9990807e+01	  5.5000000e+01
  9.3500000e+02	  1.0208860e+02	  5.5000000e+01
  9.3600000e+02	  1.0418639e+02	  5.5000000e+01
  9.3700000e+02	  1.0628419e+02	  5.5000000e+01
  9.3800000e+02	  1.0838199e+02	  5.5000000e+01
  9.3900000e+02	  1.1047978e+02	  5.5000000e+01
  9.4000000e+02	  1.1257758e+02	  5.5000000e+01
  9.4100000e+02	  1.1467536e+02	  5.5000000e+01
  9.4200000e+02	  1.1677316e+02	  5.5000000e+01
  9.4300000e+02	  1.1887096e+02	  5.5000000e+01
  9.4400000e+02	  1.2096875e+02	  5.5000000e+01
  9.4500000e+02	  1.2306654e+02	  5.5000000e+01
  9.4600000e+02	  1.2516434e+02	  5.5000000e+01
  9.4700000e+02	  1.2726213e+02	  5.5000000e+01
  9.4800000e+02	  1.2935992e+02	  5.5000000e+01
  9.4900000e+02	  1.3145773e+02	  5.5000000e+01
  9.5000000e+02	  1.3355551e+02	  5.5000000e+01
  9.5100000e+02	  1.3565331e+02	  5.5000000e+01
  9.5200000e+02	  1.3775110e+02	  5.5000000e+01
  9.5300000e+02	  6.8611397e+01	  5.7000000e+01
  9.5400000e+02	  7.0704193e+01	  5.7000000e+01
  9.5500000e+02	  7.2796982e+01	  5.7000000e+01
  9.5600000e+02	  7.4889778e+01	  5.7000000e+01
  9.5700000e+02	  7.6982574e+01	  5.7000000e+01
  9.5800000e+02	  7.9075371e+01	  5.7000000e+01
  9.5900000e+02	  8.1168159e+01	  5.7000000e+01
  9.6000000e+02	  8.3260956e+01	  5.7000000e+01
  9.6100000e+02	  8.5353752e+01	  5.7000000e+01
  9.6200000e+02	  8.7446541e+01	  5.7000000e+01
  9.6300000e+02	  8.9539337e+01	  5.7000000e+01
  9.6400000e+02	  9.1632133e+01	  5.7000000e+01
  9.6500000e+02	  9.3724922e+01	  5.7000000e+01
  9.6600000e+02	  9.5817719e+01	  5.7000000e+01
  9.6700000e+02	  9.7910515e+01	  5.7000000e+01
  9.6800000e+02	  1.0000331e+02	  5.7000000e+01
  9.6900000e+02	  1.0209610e+02	  5.7000000e+01
  9.7000000e+02	  1.0418890e+02	  5.7000000e+01
  9.7100000e+02	  1.0628169e+02	  5.7000000e+01
  9.7200000e+02	  1.0837449e+02	  5.7000000e+01
  9.7300000e+02	  1.1046728e+02	  5.7000000e+01
  9.7400000e+02	  1.1256007e+02	  5.7000000e+01
  9.7500000e+02	  1.1465287e+02	  5.7000000e+01
  9.7600000e+02	  1.1674566e+02	  5.7000000e+01
  9.7700000e+02	  1.1883846e+02	  5.7000000e+01
  9.7800000e+02	  1.2093125e+02	  5.7000000e+01
  9.7900000e+02	  1.2302405e+02	  5.7000000e+01
  9.8000000e+02	  1.2511684e+02	  5.7000000e+01
  9.8100000e+02	  1.2720963e+02	  5.7000000e+01
  9.8200000e+02	  1.2930243e+02	  5.7000000e+01
  9.8300000e+02	  1.3139522e+02	  5.7000000e+01
  9.8400000e+02	  1.3348802e+02	  5.7000000e+01
  9.8500000e+02	  1.3558081e+02	  5.7000000e+01
  9.8600000e+02	  1.3767360e+02	  5.7000000e+01
  9.8700000e+02	  6.8698898e+01	  5.9000000e+01
  9.8800000e+02	  7.0786690e+01	  5.9000000e+01
  9.8900000e+02	  7.2874489e+01	  5.9000000e+01
  9.9000000e+02	  7.4962280e+01	  5.9000000e+01
  9.9100000e+02	  7.7050072e+01	  5.9000000e+01
  9.9200000e+02	  7.9137871e+01	  5.9000000e+01
  9.9300000e+02	  8.1225662e+01	  5.9000000e+01
  9.9400000e+02	  8.3313454e+01	  5.9000000e+01
  9.9500000e+02	  8.5401245e+01	  5.9000000e+01
  9.9600000e+02	  8.7489044e+01	  5.9000000e+01
  9.9700000e+02	  8.9576836e+01	  5.9000000e+01
  9.9800000e+02	  9.1664627e+01	  5.9000000e+01
  9.9900000e+02	  9.3752426e+01	  5.9000000e+01
  1.0000000e+03	  9.5840218e+01	  5.9000000e+01
  1.0010000e+03	  9.7928017e+01	  5.9000000e+01
  1.0020000e+03	  1.0001581e+02	  5.9000000e+01
  1.0030000e+03	  1.0210360e+02	  5.9000000e+01
  1.0040000e+03	  1.0419140e+02	  5.9000000e+01
  1.0050000e+03	  1.0627919e+02	  5.9000000e+01
  1.0060000e+03	  1.0836699e+02	  5.9000000e+01
  1.0070000e+03	  1.1045478e+02	  5.9000000e+01
  1.0080000e+03	  1.1254257e+02	  5.9000000e+01
  1.0090000e+03	  1.1463037e+02	  5.9000000e+01
  1.0100000e+03	  1.1671816e+02	  5.9000000e+01
  1.0110000e+03	  1.1880595e+02	  5.9000000e+01
  1.0120000e+03	  1.2089375e+02	  5.9000000e+01
  1.0130000e+03	  1.2298154e+02	  5.9000000e+01
  1.0140000e+03	  1.2506934e+02	  5.9000000e+01
  1.0150000e+03	  1.2715714e+02	  5.9000000e+01
  1.0160000e+03	  1.2924492e+02	  5.9000000e+01
  1.0170000e+03	  1.3133272e+02	  5.9000000e+01
  1.0180000e+03	  1.3342052e+02	  5.9000000e+01
  1.0190000e+03	  1.3550830e+02	  5.9000000e+01
  1.0200000e+03	  1.3759610e+02	  5.9000000e+01
  1.0210000e+03	  6.8786392e+01	  6.1000000e+01
  1.0220000e+03	  7.0869194e+01	  6.1000000e+01
  1.0230000e+03	  7.2951988e+01	  6.1000000e+01
  1.0240000e+03	  7.5034775e+01	  6.1000000e+01
  1.0250000e+03	  7.7117569e+01	  6.1000000e+01
  1.0260000e+03	  7.9200371e+01	  6.1000000e+01
  1.0270000e+03	  8.1283165e+01	  6.1000000e+01
  1.0280000e+03	  8.3365952e+01	  6.1000000e+01
  1.0290000e+03	  8.5448746e+01	  6.1000000e+01
  1.0300000e+03	  8.7531540e+01	  6.1000000e+01
  1.0310000e+03	  8.9614342e+01	  6.1000000e+01
  1.0320000e+03	  9.1697128e+01	  6.1000000e+01
  1.0330000e+03	  9.3779922e+01	  6.1000000e+01
  1.0340000e+03	  9.5862724e+01	  6.1000000e+01
  1.0350000e+03	  9.7945518e+01	  6.1000000e+01
  1.0360000e+03	  1.0002831e+02	  6.1000000e+01
  1.0370000e+03	  1.0211111e+02	  6.1000000e+01
  1.0380000e+03	  1.0419389e+02	  6.1000000e+01
  1.0390000e+03	  1.0627669e+02	  6.1000000e+01
  1.0400000e+03	  1.0835949e+02	  6.1000000e+01
  1.0410000e+03	  1.1044228e+02	  6.1000000e+01
  1.0420000e+03	  1.1252507e+02	  6.1000000e+01
  1.0430000e+03	  1.1460787e+02	  6.1000000e+01
  1.0440000e+03	  1.1669066e+02	  6.1000000e+01
  1.0450000e+03	  1.1877345e+02	  6.1000000e+01
  1.0460000e+03	  1.2085625e+02	  6.1000000e+01
  1.0470000e+03	  1.2293904e+02	  6.1000000e+01
  1.0480000e+03	  1.2502184e+02	  6.1000000e+01
  1.0490000e+03	  1.2710463e+02	  6.1000000e+01
  1.0500000e+03	  1.2918742e+02	  6.1000000e+01
  1.0510000e+03	  1.3127022e+02	  6.1000000e+01
  1.0520000e+03	  1.3335301e+02	  6.1000000e+01
  1.0530000e+03	  1.3543581e+02	  6.1000000e+01
  1.0540000e+03	  1.3751860e+02	  6.1000000e+01
  1.0550000e+03	  6.8873894e+01	  6.3000000e+01
  1.0560000e+03	  7.0951691e+01	  6.3000000e+01
  1.0570000e+03	  7.3029488e+01	  6.3000000e+01
  1.0580000e+03	  7.5107277e+01	  6.3000000e+01
  1.0590000e+03	  7.7185074e+01	  6.3000000e+01
  1.0600000e+03	  7.9262871e+01	  6.3000000e+01
  1.0610000e+03	  8.1340660e+01	  6.3000000e+01
  1.0620000e+03	  8.3418457e+01	  6.3000000e+01
  1.0630000e+03	  8.5496246e+01	  6.3000000e+01
  1.0640000e+03	  8.7574043e+01	  6.3000000e+01
  1.0650000e+03	  8.9651840e+01	  6.3000000e+01
  1.0660000e+03	  9.1729630e+01	  6.3000000e+01
  1.0670000e+03	  9.3807426e+01	  6.3000000e+01
  1.0680000e+03	  9.5885223e+01	  6.3000000e+01
  1.0690000e+03	  9.7963020e+01	  6.3000000e+01
  1.0700000e+03	  1.0004081e+02	  6.3000000e+01
  1.0710000e+03	  1.0211861e+02	  6.3000000e+01
  1.0720000e+03	  1.0419640e+02	  6.3000000e+01
  1.0730000e+03	  1.0627419e+02	  6.3000000e+01
  1.0740000e+03	  1.0835198e+02	  6.3000000e+01
  1.0750000e+03	  1.1042978e+02	  6.3000000e+01
  1.0760000e+03	  1.1250758e+02	  6.3000000e+01
  1.0770000e+03	  1.1458537e+02	  6.3000000e+01
  1.0780000e+03	  1.1666316e+02	  6.3000000e+01
  1.0790000e+03	  1.1874095e+02	  6.3000000e+01
  1.0800000e+03	  1.2081875e+02	  6.3000000e+01
  1.0810000e+03	  1.2289655e+02	  6.3000000e+01
  1.0820000e+03	  1.2497433e+02	  6.3000000e+01
  1.0830000e+03	  1.2705213e+02	  6.3000000e+01
  1.0840000e+03	  1.2912993e+02	  6.3000000e+01
  1.0850000e+03	  1.3120772e+02	  6.3000000e+01
  1.0860000e+03	  1.3328551e+02	  6.3000000e+01
  1.0870000e+03	  1.3536331e+02	  6.3000000e+01
  1.0880000e+03	  1.3744110e+02	  6.3000000e+01
  1.0890000e+03	  6.8961395e+01	  6.5000000e+01
  1.0900000e+03	  7.1034187e+01	  6.5000000e+01
  1.0910000e+03	  7.3106987e+01	  6.5000000e+01
  1.0920000e+03	  7.5179779e+01	  6.5000000e+01
  1.0930000e+03	  7.7252571e+01	  6.5000000e+01
  1.0940000e+03	  7.9325371e+01	  6.5000000e+01
  1.0950000e+03	  8.1398163e+01	  6.5000000e+01
  1.0960000e+03	  8.3470955e+01	  6.5000000e+01
  1.0970000e+03	  8.5543755e+01	  6.5000000e+01
  1.0980000e+03	  8.7616547e+01	  6.5000000e+01
  1.0990000e+03	  8.9689339e+01	  6.5000000e+01
  1.1000000e+03	  9.1762131e+01	  6.5000000e+01
  1.1010000e+03	  9.3834930e+01	  6.5000000e+01
  1.1020000e+03	  9.5907722e+01	  6.5000000e+01
  1.1030000e+03	  9.7980515e+01	  6.5000000e+01
  1.1040000e+03	  1.0005331e+02	  6.5000000e+01
  1.1050000e+03	  1.0212611e+02	  6.5000000e+01
  1.1060000e+03	  1.0419890e+02	  6.5000000e+01
  1.1070000e+03	  1.0627169e+02	  6.5000000e+01
  1.1080000e+03	  1.0834448e+02	  6.5000000e+01
  1.1090000e+03	  1.1041728e+02	  6.5000000e+01
  1.1100000e+03	  1.1249007e+02	  6.5000000e+01
  1.1110000e+03	  1.1456287e+02	  6.5000000e+01
  1.1120000e+03	  1.1663566e+02	  6.5000000e+01
  1.1130000e+03	  1.1870846e+02	  6.5000000e+01
  1.1140000e+03	  1.2078125e+02	  6.5000000e+01
  1.1150000e+03	  1.2285404e+02	  6.5000000e+01
  1.1160000e+03	  1.2492683e+02	  6.5000000e+01
  1.1170000e+03	  1.2699963e+02	  6.5000000e+01
  1.1180000e+03	  1.2907242e+02	  6.5000000e+01
  1.1190000e+03	  1.3114522e+02	  6.5000000e+01
  1.1200000e+03	  1.3321802e+02	  6.5000000e+01
  1.1210000e+03	  1.3529080e+02	  6.5000000e+01
  1.1220000e+03	  1.3736360e+02	  6.5000000e+01
  1.1230000e+03	  6.9048897e+01	  6.7000000e+01
  1.1240000e+03	  7.1116692e+01	  6.7000000e+01
  1.1250000e+03	  7.3184486e+01	  6.7000000e+01
  1.1260000e+03	  7.5252281e+01	  6.7000000e+01
  1.1270000e+03	  7.7320076e+01	  6.7000000e+01
  1.1280000e+03	  7.9387871e+01	  6.7000000e+01
  1.1290000e+03	  8.1455666e+01	  6.7000000e+01
  1.1300000e+03	  8.3523460e+01	  6.7000000e+01
  1.1310000e+03	  8.5591248e+01	  6.7000000e+01
  1.1320000e+03	  8.7659042e+01	  6.7000000e+01
  1.1330000e+03	  8.9726837e+01	  6.7000000e+01
  1.1340000e+03	  9.1794632e+01	  6.7000000e+01
  1.1350000e+03	  9.3862427e+01	  6.7000000e+01
  1.1360000e+03	  9.5930222e+01	  6.7000000e+01
  1.1370000e+03	  9.7998016e+01	  6.7000000e+01
  1.1380000e+03	  1.0006581e+02	  6.7000000e+01
  1.1390000e+03	  1.0213361e+02	  6.7000000e+01
  1.1400000e+03	  1.0420139e+02	  6.7000000e+01
  1.1410000e+03	  1.0626919e+02	  6.7000000e+01
  1.1420000e+03	  1.0833699e+02	  6.7000000e+01
  1.1430000e+03	  1.1040478e+02	  6.7000000e+01
  1.1440000e+03	  1.1247257e+02	  6.7000000e+01
  1.1450000e+03	  1.1454037e+02	  6.7000000e+01
  1.1460000e+03	  1.1660816e+02	  6.7000000e+01
  1.1470000e+03	  1.1867596e+02	  6.7000000e+01
  1.1480000e+03	  1.2074375e+02	  6.7000000e+01
  1.1490000e+03	  1.2281155e+02	  6.7000000e+01
  1.1500000e+03	  1.2487934e+02	  6.7000000e+01
  1.1510000e+03	  1.2694713e+02	  6.7000000e+01
  1.1520000e+03	  1.2901492e+02	  6.7000000e+01
  1.1530000e+03	  1.3108272e+02	  6.7000000e+01
  1.1540000e+03	  1.3315051e+02	  6.7000000e+01
  1.1550000e+03	  1.3521831e+02	  6.7000000e+01
  1.1560000e+03	  1.3728610e+02	  6.7000000e+01
  1.1570000e+03	  6.9136398e+01	  6.9000000e+01
  1.1580000e+03	  7.1199196e+01	  6.9000000e+01
  1.1590000e+03	  7.3261986e+01	  6.9000000e+01
  1.1600000e+03	  7.5324776e+01	  6.9000000e+01
  1.1610000e+03	  7.7387573e+01	  6.9000000e+01
  1.1620000e+03	  7.9450371e+01	  6.9000000e+01
  1.1630000e+03	  8.1513161e+01	  6.9000000e+01
  1.1640000e+03	  8.3575958e+01	  6.9000000e+01
  1.1650000e+03	  8.5638748e+01	  6.9000000e+01
  1.1660000e+03	  8.7701546e+01	  6.9000000e+01
  1.1670000e+03	  8.9764336e+01	  6.9000000e+01
  1.1680000e+03	  9.1827133e+01	  6.9000000e+01
  1.1690000e+03	  9.3889923e+01	  6.9000000e+01
  1.1700000e+03	  9.5952721e+01	  6.9000000e+01
  1.1710000e+03	  9.8015518e+01	  6.9000000e+01
  1.1720000e+03	  1.0007831e+02	  6.9000000e+01
  1.1730000e+03	  1.0214111e+02	  6.9000000e+01
  1.1740000e+03	  1.0420390e+02	  6.9000000e+01
  1.1750000e+03	  1.0626669e+02	  6.9000000e+01
  1.1760000e+03	  1.0832948e+02	  6.9000000e+01
  1.1770000e+03	  1.1039228e+02	  6.9000000e+01
  1.1780000e+03	  1.1245507e+02	  6.9000000e+01
  1.1790000e+03	  1.1451787e+02	  6.9000000e+01
  1.1800000e+03	  1.1658067e+02	  6.9000000e+01
  1.1810000e+03	  1.1864346e+02	  6.9000000e+01
  1.1820000e+03	  1.2070625e+02	  6.9000000e+01
  1.1830000e+03	  1.2276904e+02	  6.9000000e+01
  1.1840000e+03	  1.2483184e+02	  6.9000000e+01
  1.1850000e+03	  1.2689463e+02	  6.9000000e+01
  1.1860000e+03	  1.2895743e+02	  6.9000000e+01
  1.1870000e+03	  1.3102022e+02	  6.9000000e+01
  1.1880000e+03	  1.3308302e+02	  6.9000000e+01
  1.1890000e+03	  1.3514581e+02	  6.9000000e+01
  1.1900000e+03	  1.3720860e+02	  6.9000000e+01
  1.1910000e+03	  6.9223900e+01	  7.1000000e+01
  1.1920000e+03	  7.1281693e+01	  7.1000000e+01
  1.1930000e+03	  7.3339485e+01	  7.1000000e+01
  1.1940000e+03	  7.5397278e+01	  7.1000000e+01
  1.1950000e+03	  7.7455070e+01	  7.1000000e+01
  1.1960000e+03	  7.9512871e+01	  7.1000000e+01
  1.1970000e+03	  8.1570663e+01	  7.1000000e+01
  1.1980000e+03	  8.3628456e+01	  7.1000000e+01
  1.1990000e+03	  8.5686249e+01	  7.1000000e+01
  1.2000000e+03	  8.7744041e+01	  7.1000000e+01
  1.2010000e+03	  8.9801834e+01	  7.1000000e+01
  1.2020000e+03	  9.1859627e+01	  7.1000000e+01
  1.2030000e+03	  9.3917427e+01	  7.1000000e+01
  1.2040000e+03	  9.5975220e+01	  7.1000000e+01
  1.2050000e+03	  9.8033012e+01	  7.1000000e+01
  1.2060000e+03	  1.0009081e+02	  7.1000000e+01
  1.2070000e+03	  1.0214861e+02	  7.1000000e+01
  1.2080000e+03	  1.0420640e+02	  7.1000000e+01
  1.2090000e+03	  1.0626419e+02	  7.1000000e+01
  1.2100000e+03	  1.0832198e+02	  7.1000000e+01
  1.2110000e+03	  1.1037978e+02	  7.1000000e+01
  1.2120000e+03	  1.1243758e+02	  7.1000000e+01
  1.2130000e+03	  1.1449537e+02	  7.1000000e+01
  1.2140000e+03	  1.1655316e+02	  7.1000000e+01
  1.2150000e+03	  1.1861095e+02	  7.1000000e+01
  1.2160000e+03	  1.2066875e+02	  7.1000000e+01
  1.2170000e+03	  1.2272655e+02	  7.1000000e+01
  1.2180000e+03	  1.2478434e+02	  7.1000000e+01
  1.2190000e+03	  1.2684213e+02	  7.1000000e+01
  1.2200000e+03	  1.2889992e+02	  7.1000000e+01
  1.2210000e+03	  1.3095772e+02	  7.1000000e+01
  1.2220000e+03	  1.3301552e+02	  7.1000000e+01
  1.2230000e+03	  1.3507332e+02	  7.1000000e+01
  1.2240000e+03	  1.3713110e+02	  7.1000000e+01
  1.2250000e+03	  6.9311394e+01	  7.3000000e+01
  1.2260000e+03	  7.1364189e+01	  7.3000000e+01
  1.2270000e+03	  7.3416985e+01	  7.3000000e+01
  1.2280000e+03	  7.5469780e+01	  7.3000000e+01
  1.2290000e+03	  7.7522575e+01	  7.3000000e+01
  1.2300000e+03	  7.9575371e+01	  7.3000000e+01
  1.2310000e+03	  8.1628159e+01	  7.3000000e+01
  1.2320000e+03	  8.3680954e+01	  7.3000000e+01
  1.2330000e+03	  8.5733749e+01	  7.3000000e+01
  1.2340000e+03	  8.7786545e+01	  7.3000000e+01
  1.2350000e+03	  8.9839333e+01	  7.3000000e+01
  1.2360000e+03	  9.1892128e+01	  7.3000000e+01
  1.2370000e+03	  9.3944931e+01	  7.3000000e+01
  1.2380000e+03	  9.5997719e+01	  7.3000000e+01
  1.2390000e+03	  9.8050514e+01	  7.3000000e+01
  1.2400000e+03	  1.0010331e+02	  7.3000000e+01
  1.2410000e+03	  1.0215611e+02	  7.3000000e+01
  1.2420000e+03	  1.0420889e+02	  7.3000000e+01
  1.2430000e+03	  1.0626169e+02	  7.3000000e+01
  1.2440000e+03	  1.0831448e+02	  7.3000000e+01
  1.2450000e+03	  1.1036728e+02	  7.3000000e+01
  1.2460000e+03	  1.1242007e+02	  7.3000000e+01
  1.2470000e+03	  1.1447287e+02	  7.3000000e+01
  1.2480000e+03	  1.1652567e+02	  7.3000000e+01
  1.2490000e+03	  1.1857846e+02	  7.3000000e+01
  1.2500000e+03	  1.2063126e+02	  7.3000000e+01
  1.2510000e+03	  1.2268404e+02	  7.3000000e+01
  1.2520000e+03	  1.2473684e+02	  7.3000000e+01
  1.2530000e+03	  1.2678963e+02	  7.3000000e+01
  1.2540000e+03	  1.2884242e+02	  7.3000000e+01
  1.2550000e+03	  1.3089522e+02	  7.3000000e+01
  1.2560000e+03	  1.3294801e+02	  7.3000000e+01
  1.2570000e+03	  1.3500081e+02	  7.3000000e+01
  1.2580000e+03	  1.3705360e+02	  7.3000000e+01
  1.2590000e+03	  6.9398895e+01	  7.5000000e+01
  1.2600000e+03	  7.1446693e+01	  7.5000000e+01
  1.2610000e+03	  7.3494484e+01	  7.5000000e+01
  1.2620000e+03	  7.5542274e+01	  7.5000000e+01
  1.2630000e+03	  7.7590073e+01	  7.5000000e+01
  1.2640000e+03	  7.9637871e+01	  7.5000000e+01
  1.2650000e+03	  8.1685661e+01	  7.5000000e+01
  1.2660000e+03	  8.3733459e+01	  7.5000000e+01
  1.2670000e+03	  8.5781250e+01	  7.5000000e+01
  1.2680000e+03	  8.7829041e+01	  7.5000000e+01
  1.2690000e+03	  8.9876839e+01	  7.5000000e+01
  1.2700000e+03	  9.1924629e+01	  7.5000000e+01
  1.2710000e+03	  9.3972427e+01	  7.5000000e+01
  1.2720000e+03	  9.6020226e+01	  7.5000000e+01
  1.2730000e+03	  9.8068016e+01	  7.5000000e+01
  1.2740000e+03	  1.0011581e+02	  7.5000000e+01
  1.2750000e+03	  1.0216360e+02	  7.5000000e+01
  1.2760000e+03	  1.0421140e+02	  7.5000000e+01
  1.2770000e+03	  1.0625919e+02	  7.5000000e+01
  1.2780000e+03	  1.0830698e+02	  7.5000000e+01
  1.2790000e+03	  1.1035478e+02	  7.5000000e+01
  1.2800000e+03	  1.1240257e+02	  7.5000000e+01
  1.2810000e+03	  1.1445036e+02	  7.5000000e+01
  1.2820000e+03	  1.1649816e+02	  7.5000000e+01
  1.2830000e+03	  1.1854596e+02	  7.5000000e+01
  1.2840000e+03	  1.2059375e+02	  7.5000000e+01
  1.2850000e+03	  1.2264155e+02	  7.5000000e+01
  1.2860000e+03	  1.2468934e+02	  7.5000000e+01
  1.2870000e+03	  1.2673713e+02	  7.5000000e+01
  1.2880000e+03	  1.2878493e+02	  7.5000000e+01
  1.2890000e+03	  1.3083272e+02	  7.5000000e+01
  1.2900000e+03	  1.3288051e+02	  7.5000000e+01
  1.2910000e+03	  1.3492830e+02	  7.5000000e+01
  1.2920000e+03	  1.3697610e+02	  7.5000000e+01
  1.2930000e+03	  6.9486397e+01	  7.7000000e+01
  1.2940000e+03	  7.1529190e+01	  7.7000000e+01
  1.2950000e+03	  7.3571983e+01	  7.7000000e+01
  1.2960000e+03	  7.5614777e+01	  7.7000000e+01
  1.2970000e+03	  7.7657570e+01	  7.7000000e+01
  1.2980000e+03	  7.9700371e+01	  7.7000000e+01
  1.2990000e+03	  8.1743164e+01	  7.7000000e+01
  1.3000000e+03	  8.3785957e+01	  7.7000000e+01
  1.3010000e+03	  8.5828751e+01	  7.7000000e+01
  1.3020000e+03	  8.7871544e+01	  7.7000000e+01
  1.3030000e+03	  8.9914337e+01	  7.7000000e+01
  1.3040000e+03	  9.1957130e+01	  7.7000000e+01
  1.3050000e+03	  9.3999931e+01	  7.7000000e+01
  1.3060000e+03	  9.6042725e+01	  7.7000000e+01
  1.3070000e+03	  9.8085518e+01	  7.7000000e+01
  1.3080000e+03	  1.0012831e+02	  7.7000000e+01
  1.3090000e+03	  1.0217110e+02	  7.7000000e+01
  1.3100000e+03	  1.0421390e+02	  7.7000000e+01
  1.3110000e+03	  1.0625669e+02	  7.7000000e+01
  1.3120000e+03	  1.0829948e+02	  7.7000000e+01
  1.3130000e+03	  1.1034228e+02	  7.7000000e+01
  1.3140000e+03	  1.1238507e+02	  7.7000000e+01
  1.3150000e+03	  1.1442786e+02	  7.7000000e+01
  1.3160000e+03	  1.1647066e+02	  7.7000000e+01
  1.3170000e+03	  1.1851345e+02	  7.7000000e+01
  1.3180000e+03	  1.2055625e+02	  7.7000000e+01
  1.3190000e+03	  1.2259904e+02	  7.7000000e+01
  1.3200000e+03	  1.2464184e+02	  7.7000000e+01
  1.3210000e+03	  1.2668463e+02	  7.7000000e+01
  1.3220000e+03	  1.2872743e+02	  7.7000000e+01
  1.3230000e+03	  1.3077022e+02	  7.7000000e+01
  1.3240000e+03	  1.3281302e+02	  7.7000000e+01
  1.3250000e+03	  1.3485580e+02	  7.7000000e+01
  1.3260000e+03	  1.3689861e+02	  7.7000000e+01
  1.3270000e+03	  6.9573898e+01	  7.9000000e+01
  1.3280000e+03	  7.1611694e+01	  7.9000000e+01
  1.3290000e+03	  7.3649483e+01	  7.9000000e+01
  1.3300000e+03	  7.5687279e+01	  7.9000000e+01
  1.3310000e+03	  7.7725075e+01	  7.9000000e+01
  1.3320000e+03	  7.9762871e+01	  7.9000000e+01
  1.3330000e+03	  8.1800667e+01	  7.9000000e+01
  1.3340000e+03	  8.3838455e+01	  7.9000000e+01
  1.3350000e+03	  8.5876251e+01	  7.9000000e+01
  1.3360000e+03	  8.7914047e+01	  7.9000000e+01
  1.3370000e+03	  8.9951836e+01	  7.9000000e+01
  1.3380000e+03	  9.1989632e+01	  7.9000000e+01
  1.3390000e+03	  9.4027428e+01	  7.9000000e+01
  1.3400000e+03	  9.6065216e+01	  7.9000000e+01
  1.3410000e+03	  9.8103012e+01	  7.9000000e+01
  1.3420000e+03	  1.0014081e+02	  7.9000000e+01
  1.3430000e+03	  1.0217860e+02	  7.9000000e+01
  1.3440000e+03	  1.0421639e+02	  7.9000000e+01
  1.3450000e+03	  1.0625419e+02	  7.9000000e+01
  1.3460000e+03	  1.0829198e+02	  7.9000000e+01
  1.3470000e+03	  1.1032978e+02	  7.9000000e+01
  1.3480000e+03	  1.1236758e+02	  7.9000000e+01
  1.3490000e+03	  1.1440536e+02	  7.9000000e+01
  1.3500000e+03	  1.1644316e+02	  7.9000000e+01
  1.3510000e+03	  1.1848096e+02	  7.9000000e+01
  1.3520000e+03	  1.2051875e+02	  7.9000000e+01
  1.3530000e+03	  1.2255654e+02	  7.9000000e+01
  1.3540000e+03	  1.2459434e+02	  7.9000000e+01
  1.3550000e+03	  1.2663213e+02	  7.9000000e+01
  1.3560000e+03	  1.2866992e+02	  7.9000000e+01
  1.3570000e+03	  1.3070772e+02	  7.9000000e+01
  1.3580000e+03	  1.3274551e+02	  7.9000000e+01
  1.3590000e+03	  1.3478331e+02	  7.9000000e+01
  1.3600000e+03	  1.3682111e+02	  7.9000000e+01
  1.3610000e+03	  6.9661392e+01	  8.1000000e+01
  1.3620000e+03	  7.1694191e+01	  8.1000000e+01
  1.3630000e+03	  7.3726982e+01	  8.1000000e+01
  1.3640000e+03	  7.5759781e+01	  8.1000000e+01
  1.3650000e+03	  7.7792572e+01	  8.1000000e+01
  1.3660000e+03	  7.9825371e+01	  8.1000000e+01
  1.3670000e+03	  8.1858162e+01	  8.1000000e+01
  1.3680000e+03	  8.3890961e+01	  8.1000000e+01
  1.3690000e+03	  8.5923752e+01	  8.1000000e+01
  1.3700000e+03	  8.7956543e+01	  8.1000000e+01
  1.3710000e+03	  8.9989342e+01	  8.1000000e+01
  1.3720000e+03	  9.2022133e+01	  8.1000000e+01
  1.3730000e+03	  9.4054924e+01	  8.1000000e+01
  1.3740000e+03	  9.6087723e+01	  8.1000000e+01
  1.3750000e+03	  9.8120514e+01	  8.1000000e+01
  1.3760000e+03	  1.0015331e+02	  8.1000000e+01
  1.3770000e+03	  1.0218610e+02	  8.1000000e+01
  1.3780000e+03	  1.0421889e+02	  8.1000000e+01
  1.3790000e+03	  1.0625169e+02	  8.1000000e+01
  1.3800000e+03	  1.0828448e+02	  8.1000000e+01
  1.3810000e+03	  1.1031728e+02	  8.1000000e+01
  1.3820000e+03	  1.1235007e+02	  8.1000000e+01
  1.3830000e+03	  1.1438287e+02	  8.1000000e+01
  1.3840000e+03	  1.1641566e+02	  8.1000000e+01
  1.3850000e+03	  1.1844846e+02	  8.1000000e+01
  1.3860000e+03	  1.2048125e+02	  8.1000000e+01
  1.3870000e+03	  1.2251405e+02	  8.1000000e+01
  1.3880000e+03	  1.2454684e+02	  8.1000000e+01
  1.3890000e+03	  1.2657964e+02	  8.1000000e+01
  1.3900000e+03	  1.2861243e+02	  8.1000000e+01
  1.3910000e+03	  1.3064522e+02	  8.1000000e+01
  1.3920000e+03	  1.3267802e+02	  8.1000000e+01
  1.3930000e+03	  1.3471082e+02	  8.1000000e+01
  1.3940000e+03	  1.3674361e+02	  8.1000000e+01
  1.3950000e+03	  6.9748894e+01	  8.3000000e+01
  1.3960000e+03	  7.1776695e+01	  8.3000000e+01
  1.3970000e+03	  7.3804489e+01	  8.3000000e+01
  1.3980000e+03	  7.5832283e+01	  8.3000000e+01
  1.3990000e+03	  7.7860077e+01	  8.3000000e+01
  1.4000000e+03	  7.9887871e+01	  8.3000000e+01
  1.4010000e+03	  8.1915665e+01	  8.3000000e+01
  1.4020000e+03	  8.3943459e+01	  8.3000000e+01
  1.4030000e+03	  8.5971252e+01	  8.3000000e+01
  1.4040000e+03	  8.7999046e+01	  8.3000000e+01
  1.4050000e+03	  9.0026840e+01	  8.3000000e+01
  1.4060000e+03	  9.2054626e+01	  8.3000000e+01
  1.4070000e+03	  9.4082428e+01	  8.3000000e+01
  1.4080000e+03	  9.6110222e+01	  8.3000000e+01
  1.4090000e+03	  9.8138016e+01	  8.3000000e+01
  1.4100000e+03	  1.0016581e+02	  8.3000000e+01
  1.4110000e+03	  1.0219360e+02	  8.3000000e+01
  1.4120000e+03	  1.0422140e+02	  8.3000000e+01
  1.4130000e+03	  1.0624919e+02	  8.3000000e+01
  1.4140000e+03	  1.0827699e+02	  8.3000000e+01
  1.4150000e+03	  1.1030478e+02	  8.3000000e+01
  1.4160000e+03	  1.1233257e+02	  8.3000000e+01
  1.4170000e+03	  1.1436037e+02	  8.3000000e+01
  1.4180000e+03	  1.1638816e+02	  8.3000000e+01
  1.4190000e+03	  1.1841595e+02	  8.3000000e+01
  1.4200000e+03	  1.2044375e+02	  8.3000000e+01
  1.4210000e+03	  1.2247154e+02	  8.3000000e+01
  1.4220000e+03	  1.2449934e+02	  8.3000000e+01
  1.4230000e+03	  1.2652713e+02	  8.3000000e+01
  1.4240000e+03	  1.2855492e+02	  8.3000000e+01
  1.4250000e+03	  1.3058272e+02	  8.3000000e+01
  1.4260000e+03	  1.3261052e+02	  8.3000000e+01
  1.4270000e+03	  1.3463831e+02	  8.3000000e+01
  1.4280000e+03	  1.3666611e+02	  8.3000000e+01
  1.4290000e+03	  6.9836395e+01	  8.5000000e+01
  1.4300000e+03	  7.1859192e+01	  8.5000000e+01
  1.4310000e+03	  7.3881989e+01	  8.5000000e+01
  1.4320000e+03	  7.5904778e+01	  8.5000000e+01
  1.4330000e+03	  7.7927574e+01	  8.5000000e+01
  1.4340000e+03	  7.9950371e+01	  8.5000000e+01
  1.4350000e+03	  8.1973167e+01	  8.5000000e+01
  1.4360000e+03	  8.3995956e+01	  8.5000000e+01
  1.4370000e+03	  8.6018753e+01	  8.5000000e+01
  1.4380000e+03	  8.8041550e+01	  8.5000000e+01
  1.4390000e+03	  9.0064339e+01	  8.5000000e+01
  1.4400000e+03	  9.2087135e+01	  8.5000000e+01
  1.4410000e+03	  9.4109924e+01	  8.5000000e+01
  1.4420000e+03	  9.6132721e+01	  8.5000000e+01
  1.4430000e+03	  9.8155518e+01	  8.5000000e+01
  1.4440000e+03	  1.0017831e+02	  8.5000000e+01
  1.4450000e+03	  1.0220110e+02	  8.5000000e+01
  1.4460000e+03	  1.0422389e+02	  8.5000000e+01
  1.4470000e+03	  1.0624669e+02	  8.5000000e+01
  1.4480000e+03	  1.0826949e+02	  8.5000000e+01
  1.4490000e+03	  1.1029227e+02	  8.5000000e+01
  1.4500000e+03	  1.1231507e+02	  8.5000000e+01
  1.4510000e+03	  1.1433787e+02	  8.5000000e+01
  1.4520000e+03	  1.1636066e+02	  8.5000000e+01
  1.4530000e+03	  1.1838345e+02	  8.5000000e+01
  1.4540000e+03	  1.2040625e+02	  8.5000000e+01
  1.4550000e+03	  1.2242904e+02	  8.5000000e+01
  1.4560000e+03	  1.2445184e+02	  8.5000000e+01
  1.4570000e+03	  1.2647463e+02	  8.5000000e+01
  1.4580000e+03	  1.2849742e+02	  8.5000000e+01
  1.4590000e+03	  1.3052022e+02	  8.5000000e+01
  1.4600000e+03	  1.3254301e+02	  8.5000000e+01
  1.4610000e+03	  1.3456581e+02	  8.5000000e+01
  1.4620000e+03	  1.3658859e+02	  8.5000000e+01
  1.4630000e+03	  6.9923897e+01	  8.7000000e+01
  1.4640000e+03	  7.1941689e+01	  8.7000000e+01
  1.4650000e+03	  7.3959488e+01	  8.7000000e+01
  1.4660000e+03	  7.5977280e+01	  8.7000000e+01
  1.4670000e+03	  7.7995071e+01	  8.7000000e+01
  1.4680000e+03	  8.0012871e+01	  8.7000000e+01
  1.4690000e+03	  8.2030663e+01	  8.7000000e+01
  1.4700000e+03	  8.4048462e+01	  8.7000000e+01
  1.4710000e+03	  8.6066254e+01	  8.7000000e+01
  1.4720000e+03	  8.8084045e+01	  8.7000000e+01
  1.4730000e+03	  9.0101837e+01	  8.7000000e+01
  1.4740000e+03	  9.2119637e+01	  8.7000000e+01
  1.4750000e+03	  9.4137428e+01	  8.7000000e+01
  1.4760000e+03	  9.6155220e+01	  8.7000000e+01
  1.4770000e+03	  9.8173019e+01	  8.7000000e+01
  1.4780000e+03	  1.0019080e+02	  8.7000000e+01
  1.4790000e+03	  1.0220860e+02	  8.7000000e+01
  1.4800000e+03	  1.0422639e+02	  8.7000000e+01
  1.4810000e+03	  1.0624419e+02	  8.7000000e+01
  1.4820000e+03	  1.0826199e+02	  8.7000000e+01
  1.4830000e+03	  1.1027978e+02	  8.7000000e+01
  1.4840000e+03	  1.1229757e+02	  8.7000000e+01
  1.4850000e+03	  1.1431537e+02	  8.7000000e+01
  1.4860000e+03	  1.1633316e+02	  8.7000000e+01
  1.4870000e+03	  1.1835095e+02	  8.7000000e+01
  1.4880000e+03	  1.2036875e+02	  8.7000000e+01
  1.4890000e+03	  1.2238654e+02	  8.7000000e+01
  1.4900000e+03	  1.2440434e+02	  8.7000000e+01
  1.4910000e+03	  1.2642213e+02	  8.7000000e+01
  1.4920000e+03	  1.2843993e+02	  8.7000000e+01
  1.4930000e+03	  1.3045772e+02	  8.7000000e+01
  1.4940000e+03	  1.3247551e+02	  8.7000000e+01
  1.4950000e+03	  1.3449330e+02	  8.7000000e+01
  1.4960000e+03	  1.3651109e+02	  8.7000000e+01
  1.4970000e+03	  7.0011398e+01	  8.9000000e+01
  1.4980000e+03	  7.2024193e+01	  8.9000000e+01
  1.4990000e+03	  7.4036987e+01	  8.9000000e+01
  1.5000000e+03	  7.6049782e+01	  8.9000000e+01
  1.5010000e+03	  7.8062576e+01	  8.9000000e+01
  1.5020000e+03	  8.0075363e+01	  8.9000000e+01
  1.5030000e+03	  8.2088165e+01	  8.9000000e+01
  1.5040000e+03	  8.4100960e+01	  8.9000000e+01
  1.5050000e+03	  8.6113747e+01	  8.9000000e+01
  1.5060000e+03	  8.8126541e+01	  8.9000000e+01
  1.5070000e+03	  9.0139336e+01	  8.9000000e+01
  1.5080000e+03	  9.2152138e+01	  8.9000000e+01
  1.5090000e+03	  9.4164925e+01	  8.9000000e+01
  1.5100000e+03	  9.6177719e+01	  8.9000000e+01
  1.5110000e+03	  9.8190514e+01	  8.9000000e+01
  1.5120000e+03	  1.0020331e+02	  8.9000000e+01
  1.5130000e+03	  1.0221610e+02	  8.9000000e+01
  1.5140000e+03	  1.0422890e+02	  8.9000000e+01
  1.5150000e+03	  1.0624169e+02	  8.9000000e+01
  1.5160000e+03	  1.0825449e+02	  8.9000000e+01
  1.5170000e+03	  1.1026728e+02	  8.9000000e+01
  1.5180000e+03	  1.1228008e+02	  8.9000000e+01
  1.5190000e+03	  1.1429287e+02	  8.9000000e+01
  1.5200000e+03	  1.1630566e+02	  8.9000000e+01
  1.5210000e+03	  1.1831846e+02	  8.9000000e+01
  1.5220000e+03	  1.2033125e+02	  8.9000000e+01
  1.5230000e+03	  1.2234405e+02	  8.9000000e+01
  1.5240000e+03	  1.2435684e+02	  8.9000000e+01
  1.5250000e+03	  1.2636963e+02	  8.9000000e+01
  1.5260000e+03	  1.2838243e+02	  8.9000000e+01
  1.5270000e+03	  1.3039522e+02	  8.9000000e+01
  1.5280000e+03	  1.3240802e+02	  8.9000000e+01
  1.5290000e+03	  1.3442081e+02	  8.9000000e+01
  1.5300000e+03	  1.3643359e+02	  8.9000000e+01
  1.5310000e+03	  7.0098900e+01	  9.1000000e+01
  1.5320000e+03	  7.2106689e+01	  9.1000000e+01
  1.5330000e+03	  7.4114487e+01	  9.1000000e+01
  1.5340000e+03	  7.6122284e+01	  9.1000000e+01
  1.5350000e+03	  7.8130074e+01	  9.1000000e+01
  1.5360000e+03	  8.0137871e+01	  9.1000000e+01
  1.5370000e+03	  8.2145660e+01	  9.1000000e+01
  1.5380000e+03	  8.4153458e+01	  9.1000000e+01
  1.5390000e+03	  8.6161247e+01	  9.1000000e+01
  1.5400000e+03	  8.8169044e+01	  9.1000000e+01
  1.5410000e+03	  9.0176842e+01	  9.1000000e+01
  1.5420000e+03	  9.2184631e+01	  9.1000000e+01
  1.5430000e+03	  9.4192429e+01	  9.1000000e+01
  1.5440000e+03	  9.6200218e+01	  9.1000000e+01
  1.5450000e+03	  9.8208015e+01	  9.1000000e+01
  1.5460000e+03	  1.0021581e+02	  9.1000000e+01
  1.5470000e+03	  1.0222360e+02	  9.1000000e+01
  1.5480000e+03	  1.0423140e+02	  9.1000000e+01
  1.5490000e+03	  1.0623919e+02	  9.1000000e+01
  1.5500000e+03	  1.0824699e+02	  9.1000000e+01
  1.5510000e+03	  1.1025478e+02	  9.1000000e+01
  1.5520000e+03	  1.1226257e+02	  9.1000000e+01
  1.5530000e+03	  1.1427037e+02	  9.1000000e+01
  1.5540000e+03	  1.1627816e+02	  9.1000000e+01
  1.5550000e+03	  1.1828596e+02	  9.1000000e+01
  1.5560000e+03	  1.2029375e+02	  9.1000000e+01
  1.5570000e+03	  1.2230154e+02	  9.1000000e+01
  1.5580000e+03	  1.2430934e+02	  9.1000000e+01
  1.5590000e+03	  1.2631713e+02	  9.1000000e+01
  1.5600000e+03	  1.2832492e+02	  9.1000000e+01
  1.5610000e+03	  1.3033272e+02	  9.1000000e+01
  1.5620000e+03	  1.3234052e+02	  9.1000000e+01
  1.5630000e+03	  1.3434831e+02	  9.1000000e+01
  1.5640000e+03	  1.3635611e+02	  9.1000000e+01
  1.5650000e+03	  7.0186401e+01	  9.3000000e+01
  1.5660000e+03	  7.2189194e+01	  9.3000000e+01
  1.5670000e+03	  7.4191986e+01	  9.3000000e+01
  1.5680000e+03	  7.6194778e+01	  9.3000000e+01
  1.5690000e+03	  7.8197578e+01	  9.3000000e+01
  1.5700000e+03	  8.0200371e+01	  9.3000000e+01
  1.5710000e+03	  8.2203163e+01	  9.3000000e+01
  1.5720000e+03	  8.4205956e+01	  9.3000000e+01
  1.5730000e+03	  8.6208748e+01	  9.3000000e+01
  1.5740000e+03	  8.8211548e+01	  9.3000000e+01
  1.5750000e+03	  9.0214340e+01	  9.3000000e+01
  1.5760000e+03	  9.2217133e+01	  9.3000000e+01
  1.5770000e+03	  9.4219925e+01	  9.3000000e+01
  1.5780000e+03	  9.6222725e+01	  9.3000000e+01
  1.5790000e+03	  9.8225517e+01	  9.3000000e+01
  1.5800000e+03	  1.0022831e+02	  9.3000000e+01
  1.5810000e+03	  1.0223110e+02	  9.3000000e+01
  1.5820000e+03	  1.0423389e+02	  9.3000000e+01
  1.5830000e+03	  1.0623669e+02	  9.3000000e+01
  1.5840000e+03	  1.0823949e+02	  9.3000000e+01
  1.5850000e+03	  1.1024228e+02	  9.3000000e+01
  1.5860000e+03	  1.1224507e+02	  9.3000000e+01
  1.5870000e+03	  1.1424787e+02	  9.3000000e+01
  1.5880000e+03	  1.1625066e+02	  9.3000000e+01
  1.5890000e+03	  1.1825346e+02	  9.3000000e+01
  1.5900000e+03	  1.2025625e+02	  9.3000000e+01
  1.5910000e+03	  1.2225905e+02	  9.3000000e+01
  1.5920000e+03	  1.2426184e+02	  9.3000000e+01
  1.5930000e+03	  1.2626463e+02	  9.3000000e+01
  1.5940000e+03	  1.2826743e+02	  9.3000000e+01
  1.5950000e+03	  1.3027022e+02	  9.3000000e+01
  1.5960000e+03	  1.3227301e+02	  9.3000000e+01
  1.5970000e+03	  1.3427582e+02	  9.3000000e+01
  1.5980000e+03	  1.3627861e+02	  9.3000000e+01
  1.5990000e+03	  7.0273895e+01	  9.5000000e+01
  1.6000000e+03	  7.2271690e+01	  9.5000000e+01
  1.6010000e+03	  7.4269485e+01	  9.5000000e+01
  1.6020000e+03	  7.6267281e+01	  9.5000000e+01
  1.6030000e+03	  7.8265076e+01	  9.5000000e+01
  1.6040000e+03	  8.0262863e+01	  9.5000000e+01
  1.6050000e+03	  8.2260658e+01	  9.5000000e+01
  1.6060000e+03	  8.4258453e+01	  9.5000000e+01
  1.6070000e+03	  8.6256256e+01	  9.5000000e+01
  1.6080000e+03	  8.8254044e+01	  9.5000000e+01
  1.6090000e+03	  9.0251839e+01	  9.5000000e+01
  1.6100000e+03	  9.2249634e+01	  9.5000000e+01
  1.6110000e+03	  9.4247429e+01	  9.5000000e+01
  1.6120000e+03	  9.6245224e+01	  9.5000000e+01
  1.6130000e+03	  9.8243011e+01	  9.5000000e+01
  1.6140000e+03	  1.0024081e+02	  9.5000000e+01
  1.6150000e+03	  1.0223860e+02	  9.5000000e+01
  1.6160000e+03	  1.0423640e+02	  9.5000000e+01
  1.6170000e+03	  1.0623419e+02	  9.5000000e+01
  1.6180000e+03	  1.0823199e+02	  9.5000000e+01
  1.6190000e+03	  1.1022978e+02	  9.5000000e+01
  1.6200000e+03	  1.1222758e+02	  9.5000000e+01
  1.6210000e+03	  1.1422536e+02	  9.5000000e+01
  1.6220000e+03	  1.1622316e+02	  9.5000000e+01
  1.6230000e+03	  1.1822095e+02	  9.5000000e+01
  1.6240000e+03	  1.2021875e+02	  9.5000000e+01
  1.6250000e+03	  1.2221655e+02	  9.5000000e+01
  1.6260000e+03	  1.2421433e+02	  9.5000000e+01
  1.6270000e+03	  1.2621214e+02	  9.5000000e+01
  1.6280000e+03	  1.2820993e+02	  9.5000000e+01
  1.6290000e+03	  1.3020772e+02	  9.5000000e+01
  1.6300000e+03	  1.3220552e+02	  9.5000000e+01
  1.6310000e+03	  1.3420331e+02	  9.5000000e+01
  1.6320000e+03	  1.3620110e+02	  9.5000000e+01
  1.6330000e+03	  7.0361397e+01	  9.7000000e+01
  1.6340000e+03	  7.2354187e+01	  9.7000000e+01
  1.6350000e+03	  7.4346985e+01	  9.7000000e+01
  1.6360000e+03	  7.6339783e+01	  9.7000000e+01
  1.6370000e+03	  7.8332573e+01	  9.7000000e+01
  1.6380000e+03	  8.0325371e+01	  9.7000000e+01
  1.6390000e+03	  8.2318161e+01	  9.7000000e+01
  1.6400000e+03	  8.4310959e+01	  9.7000000e+01
  1.6410000e+03	  8.6303749e+01	  9.7000000e+01
  1.6420000e+03	  8.8296547e+01	  9.7000000e+01
  1.6430000e+03	  9.0289337e+01	  9.7000000e+01
  1.6440000e+03	  9.2282135e+01	  9.7000000e+01
  1.6450000e+03	  9.4274925e+01	  9.7000000e+01
  1.6460000e+03	  9.6267723e+01	  9.7000000e+01
  1.6470000e+03	  9.8260513e+01	  9.7000000e+01
  1.6480000e+03	  1.0025331e+02	  9.7000000e+01
  1.6490000e+03	  1.0224610e+02	  9.7000000e+01
  1.6500000e+03	  1.0423890e+02	  9.7000000e+01
  1.6510000e+03	  1.0623169e+02	  9.7000000e+01
  1.6520000e+03	  1.0822449e+02	  9.7000000e+01
  1.6530000e+03	  1.1021728e+02	  9.7000000e+01
  1.6540000e+03	  1.1221008e+02	  9.7000000e+01
  1.6550000e+03	  1.1420287e+02	  9.7000000e+01
  1.6560000e+03	  1.1619566e+02	  9.7000000e+01
  1.6570000e+03	  1.1818845e+02	  9.7000000e+01
  1.6580000e+03	  1.2018125e+02	  9.7000000e+01
  1.6590000e+03	  1.2217404e+02	  9.7000000e+01
  1.6600000e+03	  1.2416684e+02	  9.7000000e+01
  1.6610000e+03	  1.2615963e+02	  9.7000000e+01
  1.6620000e+03	  1.2815242e+02	  9.7000000e+01
  1.6630000e+03	  1.3014522e+02	  9.7000000e+01
  1.6640000e+03	  1.3213802e+02	  9.7000000e+01
  1.6650000e+03	  1.3413081e+02	  9.7000000e+01
  1.6660000e+03	  1.3612360e+02	  9.7000000e+01
  1.6670000e+03	  7.0448898e+01	  9.9000000e+01
  1.6680000e+03	  7.2436691e+01	  9.9000000e+01
  1.6690000e+03	  7.4424484e+01	  9.9000000e+01
  1.6700000e+03	  7.6412277e+01	  9.9000000e+01
  1.6710000e+03	  7.8400078e+01	  9.9000000e+01
  1.6720000e+03	  8.0387871e+01	  9.9000000e+01
  1.6730000e+03	  8.2375664e+01	  9.9000000e+01
  1.6740000e+03	  8.4363457e+01	  9.9000000e+01
  1.6750000e+03	  8.6351250e+01	  9.9000000e+01
  1.6760000e+03	  8.8339043e+01	  9.9000000e+01
  1.6770000e+03	  9.0326836e+01	  9.9000000e+01
  1.6780000e+03	  9.2314629e+01	  9.9000000e+01
  1.6790000e+03	  9.4302422e+01	  9.9000000e+01
  1.6800000e+03	  9.6290222e+01	  9.9000000e+01
  1.6810000e+03	  9.8278015e+01	  9.9000000e+01
  1.6820000e+03	  1.0026581e+02	  9.9000000e+01
  1.6830000e+03	  1.0225360e+02	  9.9000000e+01
  1.6840000e+03	  1.0424139e+02	  9.9000000e+01
  1.6850000e+03	  1.0622919e+02	  9.9000000e+01
  1.6860000e+03	  1.0821698e+02	  9.9000000e+01
  1.6870000e+03	  1.1020478e+02	  9.9000000e+01
  1.6880000e+03	  1.1219257e+02	  9.9000000e+01
  1.6890000e+03	  1.1418037e+02	  9.9000000e+01
  1.6900000e+03	  1.1616816e+02	  9.9000000e+01
  1.6910000e+03	  1.1815595e+02	  9.9000000e+01
  1.6920000e+03	  1.2014375e+02	  9.9000000e+01
  1.6930000e+03	  1.2213155e+02	  9.9000000e+01
  1.6940000e+03	  1.2411934e+02	  9.9000000e+01
  1.6950000e+03	  1.2610713e+02	  9.9000000e+01
  1.6960000e+03	  1.2809492e+02	  9.9000000e+01
  1.6970000e+03	  1.3008272e+02	  9.9000000e+01
  1.6980000e+03	  1.3207051e+02	  9.9000000e+01
  1.6990000e+03	  1.3405830e+02	  9.9000000e+01
  1.7000000e+03	  1.3604610e+02	  9.9000000e+01
  1.7010000e+03	  7.0536392e+01	  1.0100000e+02
  1.7020000e+03	  7.2519188e+01	  1.0100000e+02
  1.7030000e+03	  7.4501984e+01	  1.0100000e+02
  1.7040000e+03	  7.6484779e+01	  1.0100000e+02
  1.7050000e+03	  7.8467575e+01	  1.0100000e+02
  1.7060000e+03	  8.0450371e+01	  1.0100000e+02
  1.7070000e+03	  8.2433159e+01	  1.0100000e+02
  1.7080000e+03	  8.4415955e+01	  1.0100000e+02
  1.7090000e+03	  8.6398750e+01	  1.0100000e+02
  1.7100000e+03	  8.8381546e+01	  1.0100000e+02
  1.7110000e+03	  9.0364342e+01	  1.0100000e+02
  1.7120000e+03	  9.2347130e+01	  1.0100000e+02
  1.7130000e+03	  9.4329926e+01	  1.0100000e+02
  1.7140000e+03	  9.6312721e+01	  1.0100000e+02
  1.7150000e+03	  9.8295517e+01	  1.0100000e+02
  1.7160000e+03	  1.0027831e+02	  1.0100000e+02
  1.7170000e+03	  1.0226110e+02	  1.0100000e+02
  1.7180000e+03	  1.0424390e+02	  1.0100000e+02
  1.7190000e+03	  1.0622669e+02	  1.0100000e+02
  1.7200000e+03	  1.0820949e+02	  1.0100000e+02
  1.7210000e+03	  1.1019228e+02	  1.0100000e+02
  1.7220000e+03	  1.1217507e+02	  1.0100000e+02
  1.7230000e+03	  1.1415787e+02	  1.0100000e+02
  1.7240000e+03	  1.1614066e+02	  1.0100000e+02
  1.7250000e+03	  1.1812346e+02	  1.0100000e+02
  1.7260000e+03	  1.2010625e+02	  1.0100000e+02
  1.7270000e+03	  1.2208904e+02	  1.0100000e+02
  1.7280000e+03	  1.2407184e+02	  1.0100000e+02
  1.7290000e+03	  1.2605463e+02	  1.0100000e+02
  1.7300000e+03	  1.2803743e+02	  1.0100000e+02
  1.7310000e+03	  1.3002022e+02	  1.0100000e+02
  1.7320000e+03	  1.3200302e+02	  1.0100000e+02
  1.7330000e+03	  1.3398581e+02	  1.0100000e+02
  1.7340000e+03	  1.3596860e+02	  1.0100000e+02
  1.7350000e+03	  7.0623894e+01	  1.0300000e+02
  1.7360000e+03	  7.2601692e+01	  1.0300000e+02
  1.7370000e+03	  7.4579483e+01	  1.0300000e+02
  1.7380000e+03	  7.6557281e+01	  1.0300000e+02
  1.7390000e+03	  7.8535072e+01	  1.0300000e+02
  1.7400000e+03	  8.0512871e+01	  1.0300000e+02
  1.7410000e+03	  8.2490662e+01	  1.0300000e+02
  1.7420000e+03	  8.4468452e+01	  1.0300000e+02
  1.7430000e+03	  8.6446251e+01	  1.0300000e+02
  1.7440000e+03	  8.8424042e+01	  1.0300000e+02
  1.7450000e+03	  9.0401840e+01	  1.0300000e+02
  1.7460000e+03	  9.2379631e+01	  1.0300000e+02
  1.7470000e+03	  9.4357430e+01	  1.0300000e+02
  1.7480000e+03	  9.6335220e+01	  1.0300000e+02
  1.7490000e+03	  9.8313011e+01	  1.0300000e+02
  1.7500000e+03	  1.0029081e+02	  1.0300000e+02
  1.7510000e+03	  1.0226860e+02	  1.0300000e+02
  1.7520000e+03	  1.0424640e+02	  1.0300000e+02
  1.7530000e+03	  1.0622419e+02	  1.0300000e+02
  1.7540000e+03	  1.0820199e+02	  1.0300000e+02
  1.7550000e+03	  1.1017978e+02	  1.0300000e+02
  1.7560000e+03	  1.1215758e+02	  1.0300000e+02
  1.7570000e+03	  1.1413537e+02	  1.0300000e+02
  1.7580000e+03	  1.1611316e+02	  1.0300000e+02
  1.7590000e+03	  1.1809096e+02	  1.0300000e+02
  1.7600000e+03	  1.2006875e+02	  1.0300000e+02
  1.7610000e+03	  1.2204654e+02	  1.0300000e+02
  1.7620000e+03	  1.2402434e+02	  1.0300000e+02
  1.7630000e+03	  1.2600214e+02	  1.0300000e+02
  1.7640000e+03	  1.2797993e+02	  1.0300000e+02
  1.7650000e+03	  1.2995772e+02	  1.0300000e+02
  1.7660000e+03	  1.3193552e+02	  1.0300000e+02
  1.7670000e+03	  1.3391331e+02	  1.0300000e+02
  1.7680000e+03	  1.3589110e+02	  1.0300000e+02
  1.7690000e+03	  7.0711395e+01	  1.0500000e+02
  1.7700000e+03	  7.2684189e+01	  1.0500000e+02
  1.7710000e+03	  7.4656982e+01	  1.0500000e+02
  1.7720000e+03	  7.6629784e+01	  1.0500000e+02
  1.7730000e+03	  7.8602577e+01	  1.0500000e+02
  1.7740000e+03	  8.0575371e+01	  1.0500000e+02
  1.7750000e+03	  8.2548164e+01	  1.0500000e+02
  1.7760000e+03	  8.4520958e+01	  1.0500000e+02
  1.7770000e+03	  8.6493752e+01	  1.0500000e+02
  1.7780000e+03	  8.8466545e+01	  1.0500000e+02
  1.7790000e+03	  9.0439339e+01	  1.0500000e+02
  1.7800000e+03	  9.2412132e+01	  1.0500000e+02
  1.7810000e+03	  9.4384926e+01	  1.0500000e+02
  1.7820000e+03	  9.6357719e+01	  1.0500000e+02
  1.7830000e+03	  9.8330513e+01	  1.0500000e+02
  1.7840000e+03	  1.0030331e+02	  1.0500000e+02
  1.7850000e+03	  1.0227610e+02	  1.0500000e+02
  1.7860000e+03	  1.0424889e+02	  1.0500000e+02
  1.7870000e+03	  1.0622169e+02	  1.0500000e+02
  1.7880000e+03	  1.0819449e+02	  1.0500000e+02
  1.7890000e+03	  1.1016728e+02	  1.0500000e+02
  1.7900000e+03	  1.1214008e+02	  1.0500000e+02
  1.7910000e+03	  1.1411286e+02	  1.0500000e+02
  1.7920000e+03	  1.1608566e+02	  1.0500000e+02
  1.7930000e+03	  1.1805846e+02	  1.0500000e+02
  1.7940000e+03	  1.2003125e+02	  1.0500000e+02
  1.7950000e+03	  1.2200404e+02	  1.0500000e+02
  1.7960000e+03	  1.2397684e+02	  1.0500000e+02
  1.7970000e+03	  1.2594963e+02	  1.0500000e+02
  1.7980000e+03	  1.2792243e+02	  1.0500000e+02
  1.7990000e+03	  1.2989523e+02	  1.0500000e+02
  1.8000000e+03	  1.3186801e+02	  1.0500000e+02
  1.8010000e+03	  1.3384081e+02	  1.0500000e+02
  1.8020000e+03	  1.3581360e+02	  1.0500000e+02
  1.8030000e+03	  7.0798897e+01	  1.0700000e+02
  1.8040000e+03	  7.2766693e+01	  1.0700000e+02
  1.8050000e+03	  7.4734482e+01	  1.0700000e+02
  1.8060000e+03	  7.6702278e+01	  1.0700000e+02
  1.8070000e+03	  7.8670074e+01	  1.0700000e+02
  1.8080000e+03	  8.0637871e+01	  1.0700000e+02
  1.8090000e+03	  8.2605659e+01	  1.0700000e+02
  1.8100000e+03	  8.4573456e+01	  1.0700000e+02
  1.8110000e+03	  8.6541252e+01	  1.0700000e+02
  1.8120000e+03	  8.8509041e+01	  1.0700000e+02
  1.8130000e+03	  9.0476837e+01	  1.0700000e+02
  1.8140000e+03	  9.2444633e+01	  1.0700000e+02
  1.8150000e+03	  9.4412422e+01	  1.0700000e+02
  1.8160000e+03	  9.6380219e+01	  1.0700000e+02
  1.8170000e+03	  9.8348015e+01	  1.0700000e+02
  1.8180000e+03	  1.0031581e+02	  1.0700000e+02
  1.8190000e+03	  1.0228360e+02	  1.0700000e+02
  1.8200000e+03	  1.0425140e+02	  1.0700000e+02
  1.8210000e+03	  1.0621919e+02	  1.0700000e+02
  1.8220000e+03	  1.0818699e+02	  1.0700000e+02
  1.8230000e+03	  1.1015478e+02	  1.0700000e+02
  1.8240000e+03	  1.1212257e+02	  1.0700000e+02
  1.8250000e+03	  1.1409037e+02	  1.0700000e+02
  1.8260000e+03	  1.1605816e+02	  1.0700000e+02
  1.8270000e+03	  1.1802596e+02	  1.0700000e+02
  1.8280000e+03	  1.1999375e+02	  1.0700000e+02
  1.8290000e+03	  1.2196155e+02	  1.0700000e+02
  1.8300000e+03	  1.2392934e+02	  1.0700000e+02
  1.8310000e+03	  1.2589713e+02	  1.0700000e+02
  1.8320000e+03	  1.2786493e+02	  1.0700000e+02
  1.8330000e+03	  1.2983272e+02	  1.0700000e+02
  1.8340000e+03	  1.3180052e+02	  1.0700000e+02
  1.8350000e+03	  1.3376831e+02	  1.0700000e+02
  1.8360000e+03	  1.3573610e+02	  1.0700000e+02
  1.8370000e+03	  7.0886398e+01	  1.0900000e+02
  1.8380000e+03	  7.2849190e+01	  1.0900000e+02
  1.8390000e+03	  7.4811989e+01	  1.0900000e+02
  1.8400000e+03	  7.6774780e+01	  1.0900000e+02
  1.8410000e+03	  7.8737572e+01	  1.0900000e+02
  1.8420000e+03	  8.0700371e+01	  1.0900000e+02
  1.8430000e+03	  8.2663162e+01	  1.0900000e+02
  1.8440000e+03	  8.4625954e+01	  1.0900000e+02
  1.8450000e+03	  8.6588745e+01	  1.0900000e+02
  1.8460000e+03	  8.8551544e+01	  1.0900000e+02
  1.8470000e+03	  9.0514336e+01	  1.0900000e+02
  1.8480000e+03	  9.2477127e+01	  1.0900000e+02
  1.8490000e+03	  9.4439926e+01	  1.0900000e+02
  1.8500000e+03	  9.6402718e+01	  1.0900000e+02
  1.8510000e+03	  9.8365517e+01	  1.0900000e+02
  1.8520000e+03	  1.0032831e+02	  1.0900000e+02
  1.8530000e+03	  1.0229110e+02	  1.0900000e+02
  1.8540000e+03	  1.0425390e+02	  1.0900000e+02
  1.8550000e+03	  1.0621669e+02	  1.0900000e+02
  1.8560000e+03	  1.0817949e+02	  1.0900000e+02
  1.8570000e+03	  1.1014228e+02	  1.0900000e+02
  1.8580000e+03	  1.1210507e+02	  1.0900000e+02
  1.8590000e+03	  1.1406787e+02	  1.0900000e+02
  1.8600000e+03	  1.1603066e+02	  1.0900000e+02
  1.8610000e+03	  1.1799345e+02	  1.0900000e+02
  1.8620000e+03	  1.1995625e+02	  1.0900000e+02
  1.8630000e+03	  1.2191904e+02	  1.0900000e+02
  1.8640000e+03	  1.2388184e+02	  1.0900000e+02
  1.8650000e+03	  1.2584464e+02	  1.0900000e+02
  1.8660000e+03	  1.2780743e+02	  1.0900000e+02
  1.8670000e+03	  1.2977022e+02	  1.0900000e+02
  1.8680000e+03	  1.3173302e+02	  1.0900000e+02
  1.8690000e+03	  1.3369580e+02	  1.0900000e+02
  1.8700000e+03	  1.3565860e+02	  1.0900000e+02
  1.8710000e+03	  7.0973892e+01	  1.1100000e+02
  1.8720000e+03	  7.2931694e+01	  1.1100000e+02
  1.8730000e+03	  7.4889488e+01	  1.1100000e+02
  1.8740000e+03	  7.6847275e+01	  1.1100000e+02
  1.8750000e+03	  7.8805069e+01	  1.1100000e+02
  1.8760000e+03	  8.0762871e+01	  1.1100000e+02
  1.8770000e+03	  8.2720665e+01	  1.1100000e+02
  1.8780000e+03	  8.4678452e+01	  1.1100000e+02
  1.8790000e+03	  8.6636246e+01	  1.1100000e+02
  1.8800000e+03	  8.8594040e+01	  1.1100000e+02
  1.8810000e+03	  9.0551842e+01	  1.1100000e+02
  1.8820000e+03	  9.2509628e+01	  1.1100000e+02
  1.8830000e+03	  9.4467422e+01	  1.1100000e+02
  1.8840000e+03	  9.6425224e+01	  1.1100000e+02
  1.8850000e+03	  9.8383018e+01	  1.1100000e+02
  1.8860000e+03	  1.0034081e+02	  1.1100000e+02
  1.8870000e+03	  1.0229861e+02	  1.1100000e+02
  1.8880000e+03	  1.0425639e+02	  1.1100000e+02
  1.8890000e+03	  1.0621419e+02	  1.1100000e+02
  1.8900000e+03	  1.0817199e+02	  1.1100000e+02
  1.8910000e+03	  1.1012978e+02	  1.1100000e+02
  1.8920000e+03	  1.1208757e+02	  1.1100000e+02
  1.8930000e+03	  1.1404537e+02	  1.1100000e+02
  1.8940000e+03	  1.1600316e+02	  1.1100000e+02
  1.8950000e+03	  1.1796095e+02	  1.1100000e+02
  1.8960000e+03	  1.1991875e+02	  1.1100000e+02
  1.8970000e+03	  1.2187654e+02	  1.1100000e+02
  1.8980000e+03	  1.2383434e+02	  1.1100000e+02
  1.8990000e+03	  1.2579214e+02	  1.1100000e+02
  1.9000000e+03	  1.2774992e+02	  1.1100000e+02
  1.9010000e+03	  1.2970772e+02	  1.1100000e+02
  1.9020000e+03	  1.3166551e+02	  1.1100000e+02
  1.9030000e+03	  1.3362331e+02	  1.1100000e+02
  1.9040000e+03	  1.3558110e+02	  1.1100000e+02
  1.9050000e+03	  7.1061394e+01	  1.1300000e+02
  1.9060000e+03	  7.3014191e+01	  1.1300000e+02
  1.9070000e+03	  7.4966988e+01	  1.1300000e+02
  1.9080000e+03	  7.6919777e+01	  1.1300000e+02
  1.9090000e+03	  7.8872574e+01	  1.1300000e+02
  1.9100000e+03	  8.0825371e+01	  1.1300000e+02
  1.9110000e+03	  8.2778160e+01	  1.1300000e+02
  1.9120000e+03	  8.4730957e+01	  1.1300000e+02
  1.9130000e+03	  8.6683746e+01	  1.1300000e+02
  1.9140000e+03	  8.8636543e+01	  1.1300000e+02
  1.9150000e+03	  9.0589340e+01	  1.1300000e+02
  1.9160000e+03	  9.2542130e+01	  1.1300000e+02
  1.9170000e+03	  9.4494926e+01	  1.1300000e+02
  1.9180000e+03	  9.6447723e+01	  1.1300000e+02
  1.9190000e+03	  9.8400520e+01	  1.1300000e+02
  1.9200000e+03	  1.0035331e+02	  1.1300000e+02
  1.9210000e+03	  1.0230611e+02	  1.1300000e+02
  1.9220000e+03	  1.0425890e+02	  1.1300000e+02
  1.9230000e+03	  1.0621169e+02	  1.1300000e+02
  1.9240000e+03	  1.0816448e+02	  1.1300000e+02
  1.9250000e+03	  1.1011728e+02	  1.1300000e+02
  1.9260000e+03	  1.1207008e+02	  1.1300000e+02
  1.9270000e+03	  1.1402287e+02	  1.1300000e+02
  1.9280000e+03	  1.1597566e+02	  1.1300000e+02
  1.9290000e+03	  1.1792845e+02	  1.1300000e+02
  1.9300000e+03	  1.1988125e+02	  1.1300000e+02
  1.9310000e+03	  1.2183405e+02	  1.1300000e+02
  1.9320000e+03	  1.2378683e+02	  1.1300000e+02
  1.9330000e+03	  1.2573963e+02	  1.1300000e+02
  1.9340000e+03	  1.2769243e+02	  1.1300000e+02
  1.9350000e+03	  1.2964522e+02	  1.1300000e+02
  1.9360000e+03	  1.3159801e+02	  1.1300000e+02
  1.9370000e+03	  1.3355081e+02	  1.1300000e+02
  1.9380000e+03	  1.3550360e+02	  1.1300000e+02
  1.9390000e+03	  7.1148895e+01	  1.1500000e+02
  1.9400000e+03	  7.3096687e+01	  1.1500000e+02
  1.9410000e+03	  7.5044487e+01	  1.1500000e+02
  1.9420000e+03	  7.6992279e+01	  1.1500000e+02
  1.9430000e+03	  7.8940071e+01	  1.1500000e+02
  1.9440000e+03	  8.0887871e+01	  1.1500000e+02
  1.9450000e+03	  8.2835663e+01	  1.1500000e+02
  1.9460000e+03	  8.4783455e+01	  1.1500000e+02
  1.9470000e+03	  8.6731255e+01	  1.1500000e+02
  1.9480000e+03	  8.8679047e+01	  1.1500000e+02
  1.9490000e+03	  9.0626839e+01	  1.1500000e+02
  1.9500000e+03	  9.2574631e+01	  1.1500000e+02
  1.9510000e+03	  9.4522430e+01	  1.1500000e+02
  1.9520000e+03	  9.6470222e+01	  1.1500000e+02
  1.9530000e+03	  9.8418015e+01	  1.1500000e+02
  1.9540000e+03	  1.0036581e+02	  1.1500000e+02
  1.9550000e+03	  1.0231361e+02	  1.1500000e+02
  1.9560000e+03	  1.0426140e+02	  1.1500000e+02
  1.9570000e+03	  1.0620919e+02	  1.1500000e+02
  1.9580000e+03	  1.0815698e+02	  1.1500000e+02
  1.9590000e+03	  1.1010478e+02	  1.1500000e+02
  1.9600000e+03	  1.1205257e+02	  1.1500000e+02
  1.9610000e+03	  1.1400037e+02	  1.1500000e+02
  1.9620000e+03	  1.1594816e+02	  1.1500000e+02
  1.9630000e+03	  1.1789596e+02	  1.1500000e+02
  1.9640000e+03	  1.1984375e+02	  1.1500000e+02
  1.9650000e+03	  1.2179154e+02	  1.1500000e+02
  1.9660000e+03	  1.2373933e+02	  1.1500000e+02
  1.9670000e+03	  1.2568713e+02	  1.1500000e+02
  1.9680000e+03	  1.2763493e+02	  1.1500000e+02
  1.9690000e+03	  1.2958272e+02	  1.1500000e+02
  1.9700000e+03	  1.3153052e+02	  1.1500000e+02
  1.9710000e+03	  1.3347830e+02	  1.1500000e+02
  1.9720000e+03	  1.3542610e+02	  1.1500000e+02
  1.9730000e+03	  7.1236397e+01	  1.1700000e+02
  1.9740000e+03	  7.3179192e+01	  1.1700000e+02
  1.9750000e+03	  7.5121986e+01	  1.1700000e+02
  1.9760000e+03	  7.7064781e+01	  1.1700000e+02
  1.9770000e+03	  7.9007576e+01	  1.1700000e+02
  1.9780000e+03	  8.0950371e+01	  1.1700000e+02
  1.9790000e+03	  8.2893166e+01	  1.1700000e+02
  1.9800000e+03	  8.4835960e+01	  1.1700000e+02
  1.9810000e+03	  8.6778748e+01	  1.1700000e+02
  1.9820000e+03	  8.8721542e+01	  1.1700000e+02
  1.9830000e+03	  9.0664337e+01	  1.1700000e+02
  1.9840000e+03	  9.2607132e+01	  1.1700000e+02
  1.9850000e+03	  9.4549927e+01	  1.1700000e+02
  1.9860000e+03	  9.6492722e+01	  1.1700000e+02
  1.9870000e+03	  9.8435516e+01	  1.1700000e+02
  1.9880000e+03	  1.0037831e+02	  1.1700000e+02
  1.9890000e+03	  1.0232111e+02	  1.1700000e+02
  1.9900000e+03	  1.0426389e+02	  1.1700000e+02
  1.9910000e+03	  1.0620669e+02	  1.1700000e+02
  1.9920000e+03	  1.0814949e+02	  1.1700000e+02
  1.9930000e+03	  1.1009228e+02	  1.1700000e+02
  1.9940000e+03	  1.1203507e+02	  1.1700000e+02
  1.9950000e+03	  1.1397787e+02	  1.1700000e+02
  1.9960000e+03	  1.1592066e+02	  1.1700000e+02
  1.9970000e+03	  1.1786346e+02	  1.1700000e+02
  1.9980000e+03	  1.1980625e+02	  1.1700000e+02
  1.9990000e+03	  1.2174905e+02	  1.1700000e+02
  2.0000000e+03	  1.2369184e+02	  1.1700000e+02
  2.0010000e+03	  1.2563463e+02	  1.1700000e+02
  2.0020000e+03	  1.2757743e+02	  1.1700000e+02
  2.0030000e+03	  1.2952022e+02	  1.1700000e+02
  2.0040000e+03	  1.3146301e+02	  1.1700000e+02
  2.0050000e+03	  1.3340581e+02	  1.1700000e+02
  2.0060000e+03	  1.3534860e+02	  1.1700000e+02
  2.0070000e+03	  7.1323898e+01	  1.1900000e+02
  2.0080000e+03	  7.3261696e+01	  1.1900000e+02
  2.0090000e+03	  7.5199486e+01	  1.1900000e+02
  2.0100000e+03	  7.7137276e+01	  1.1900000e+02
  2.0110000e+03	  7.9075073e+01	  1.1900000e+02
  2.0120000e+03	  8.1012871e+01	  1.1900000e+02
  2.0130000e+03	  8.2950661e+01	  1.1900000e+02
  2.0140000e+03	  8.4888458e+01	  1.1900000e+02
  2.0150000e+03	  8.6826248e+01	  1.1900000e+02
  2.0160000e+03	  8.8764046e+01	  1.1900000e+02
  2.0170000e+03	  9.0701836e+01	  1.1900000e+02
  2.0180000e+03	  9.2639633e+01	  1.1900000e+02
  2.0190000e+03	  9.4577423e+01	  1.1900000e+02
  2.0200000e+03	  9.6515221e+01	  1.1900000e+02
  2.0210000e+03	  9.8453018e+01	  1.1900000e+02
  2.0220000e+03	  1.0039081e+02	  1.1900000e+02
  2.0230000e+03	  1.0232861e+02	  1.1900000e+02
  2.0240000e+03	  1.0426640e+02	  1.1900000e+02
  2.0250000e+03	  1.0620419e+02	  1.1900000e+02
  2.0260000e+03	  1.0814198e+02	  1.1900000e+02
  2.0270000e+03	  1.1007978e+02	  1.1900000e+02
  2.0280000e+03	  1.1201757e+02	  1.1900000e+02
  2.0290000e+03	  1.1395537e+02	  1.1900000e+02
  2.0300000e+03	  1.1589317e+02	  1.1900000e+02
  2.0310000e+03	  1.1783096e+02	  1.1900000e+02
  2.0320000e+03	  1.1976875e+02	  1.1900000e+02
  2.0330000e+03	  1.2170654e+02	  1.1900000e+02
  2.0340000e+03	  1.2364434e+02	  1.1900000e+02
  2.0350000e+03	  1.2558213e+02	  1.1900000e+02
  2.0360000e+03	  1.2751993e+02	  1.1900000e+02
  2.0370000e+03	  1.2945772e+02	  1.1900000e+02
  2.0380000e+03	  1.3139552e+02	  1.1900000e+02
  2.0390000e+03	  1.3333331e+02	  1.1900000e+02
  2.0400000e+03	  1.3527110e+02	  1.1900000e+02
  2.0410000e+03	  7.1411400e+01	  1.2100000e+02
  2.0420000e+03	  7.3344193e+01	  1.2100000e+02
  2.0430000e+03	  7.5276985e+01	  1.2100000e+02
  2.0440000e+03	  7.7209778e+01	  1.2100000e+02
  2.0450000e+03	  7.9142570e+01	  1.2100000e+02
  2.0460000e+03	  8.1075371e+01	  1.2100000e+02
  2.0470000e+03	  8.3008163e+01	  1.2100000e+02
  2.0480000e+03	  8.4940956e+01	  1.2100000e+02
  2.0490000e+03	  8.6873749e+01	  1.2100000e+02
  2.0500000e+03	  8.8806541e+01	  1.2100000e+02
  2.0510000e+03	  9.0739334e+01	  1.2100000e+02
  2.0520000e+03	  9.2672127e+01	  1.2100000e+02
  2.0530000e+03	  9.4604927e+01	  1.2100000e+02
  2.0540000e+03	  9.6537720e+01	  1.2100000e+02
  2.0550000e+03	  9.8470512e+01	  1.2100000e+02
  2.0560000e+03	  1.0040331e+02	  1.2100000e+02
  2.0570000e+03	  1.0233611e+02	  1.2100000e+02
  2.0580000e+03	  1.0426890e+02	  1.2100000e+02
  2.0590000e+03	  1.0620169e+02	  1.2100000e+02
  2.0600000e+03	  1.0813448e+02	  1.2100000e+02
  2.0610000e+03	  1.1006728e+02	  1.2100000e+02
  2.0620000e+03	  1.1200008e+02	  1.2100000e+02
  2.0630000e+03	  1.1393287e+02	  1.2100000e+02
  2.0640000e+03	  1.1586566e+02	  1.2100000e+02
  2.0650000e+03	  1.1779845e+02	  1.2100000e+02
  2.0660000e+03	  1.1973125e+02	  1.2100000e+02
  2.0670000e+03	  1.2166405e+02	  1.2100000e+02
  2.0680000e+03	  1.2359684e+02	  1.2100000e+02
  2.0690000e+03	  1.2552963e+02	  1.2100000e+02
  2.0700000e+03	  1.2746243e+02	  1.2100000e+02
  2.0710000e+03	  1.2939522e+02	  1.2100000e+02
  2.0720000e+03	  1.3132802e+02	  1.2100000e+02
  2.0730000e+03	  1.3326082e+02	  1.2100000e+02
  2.0740000e+03	  1.3519360e+02	  1.2100000e+02
  2.0750000e+03	  7.1498894e+01	  1.2300000e+02
  2.0760000e+03	  7.3426689e+01	  1.2300000e+02
  2.0770000e+03	  7.5354485e+01	  1.2300000e+02
  2.0780000e+03	  7.7282280e+01	  1.2300000e+02
  2.0790000e+03	  7.9210075e+01	  1.2300000e+02
  2.0800000e+03	  8.1137871e+01	  1.2300000e+02
  2.0810000e+03	  8.3065659e+01	  1.2300000e+02
  2.0820000e+03	  8.4993454e+01	  1.2300000e+02
  2.0830000e+03	  8.6921249e+01	  1.2300000e+02
  2.0840000e+03	  8.8849045e+01	  1.2300000e+02
  2.0850000e+03	  9.0776833e+01	  1.2300000e+02
  2.0860000e+03	  9.2704628e+01	  1.2300000e+02
  2.0870000e+03	  9.4632431e+01	  1.2300000e+02
  2.0880000e+03	  9.6560219e+01	  1.2300000e+02
  2.0890000e+03	  9.8488014e+01	  1.2300000e+02
  2.0900000e+03	  1.0041581e+02	  1.2300000e+02
  2.0910000e+03	  1.0234361e+02	  1.2300000e+02
  2.0920000e+03	  1.0427139e+02	  1.2300000e+02
  2.0930000e+03	  1.0619919e+02	  1.2300000e+02
  2.0940000e+03	  1.0812698e+02	  1.2300000e+02
  2.0950000e+03	  1.1005478e+02	  1.2300000e+02
  2.0960000e+03	  1.1198257e+02	  1.2300000e+02
  2.0970000e+03	  1.1391037e+02	  1.2300000e+02
  2.0980000e+03	  1.1583817e+02	  1.2300000e+02
  2.0990000e+03	  1.1776596e+02	  1.2300000e+02
  2.1000000e+03	  1.1969376e+02	  1.2300000e+02
  2.1010000e+03	  1.2162154e+02	  1.2300000e+02
  2.1020000e+03	  1.2354934e+02	  1.2300000e+02
  2.1030000e+03	  1.2547713e+02	  1.2300000e+02
  2.1040000e+03	  1.2740492e+02	  1.2300000e+02
  2.1050000e+03	  1.2933272e+02	  1.2300000e+02
  2.1060000e+03	  1.3126051e+02	  1.2300000e+02
  2.1070000e+03	  1.3318831e+02	  1.2300000e+02
  2.1080000e+03	  1.3511610e+02	  1.2300000e+02
  2.1090000e+03	  7.1586395e+01	  1.2500000e+02
  2.1100000e+03	  7.3509193e+01	  1.2500000e+02
  2.1110000e+03	  7.5431984e+01	  1.2500000e+02
  2.1120000e+03	  7.7354774e+01	  1.2500000e+02
  2.1130000e+03	  7.9277573e+01	  1.2500000e+02
  2.1140000e+03	  8.1200371e+01	  1.2500000e+02
  2.1150000e+03	  8.3123161e+01	  1.2500000e+02
  2.1160000e+03	  8.5045959e+01	  1.2500000e+02
  2.1170000e+03	  8.6968750e+01	  1.2500000e+02
  2.1180000e+03	  8.8891541e+01	  1.2500000e+02
  2.1190000e+03	  9.0814339e+01	  1.2500000e+02
  2.1200000e+03	  9.2737129e+01	  1.2500000e+02
  2.1210000e+03	  9.4659927e+01	  1.2500000e+02
  2.1220000e+03	  9.6582726e+01	  1.2500000e+02
  2.1230000e+03	  9.8505516e+01	  1.2500000e+02
  2.1240000e+03	  1.0042831e+02	  1.2500000e+02
  2.1250000e+03	  1.0235110e+02	  1.2500000e+02
  2.1260000e+03	  1.0427390e+02	  1.2500000e+02
  2.1270000e+03	  1.0619669e+02	  1.2500000e+02
  2.1280000e+03	  1.0811948e+02	  1.2500000e+02
  2.1290000e+03	  1.1004228e+02	  1.2500000e+02
  2.1300000e+03	  1.1196507e+02	  1.2500000e+02
  2.1310000e+03	  1.1388786e+02	  1.2500000e+02
  2.1320000e+03	  1.1581066e+02	  1.2500000e+02
  2.1330000e+03	  1.1773346e+02	  1.2500000e+02
  2.1340000e+03	  1.1965625e+02	  1.2500000e+02
  2.1350000e+03	  1.2157905e+02	  1.2500000e+02
  2.1360000e+03	  1.2350184e+02	  1.2500000e+02
  2.1370000e+03	  1.2542463e+02	  1.2500000e+02
  2.1380000e+03	  1.2734743e+02	  1.2500000e+02
  2.1390000e+03	  1.2927022e+02	  1.2500000e+02
  2.1400000e+03	  1.3119301e+02	  1.2500000e+02
  2.1410000e+03	  1.3311580e+02	  1.2500000e+02
  2.1420000e+03	  1.3503860e+02	  1.2500000e+02
  2.1430000e+03	  7.1673897e+01	  1.2700000e+02
  2.1440000e+03	  7.3591690e+01	  1.2700000e+02
  2.1450000e+03	  7.5509483e+01	  1.2700000e+02
  2.1460000e+03	  7.7427277e+01	  1.2700000e+02
  2.1470000e+03	  7.9345070e+01	  1.2700000e+02
  2.1480000e+03	  8.1262871e+01	  1.2700000e+02
  2.1490000e+03	  8.3180664e+01	  1.2700000e+02
  2.1500000e+03	  8.5098457e+01	  1.2700000e+02
  2.1510000e+03	  8.7016251e+01	  1.2700000e+02
  2.1520000e+03	  8.8934044e+01	  1.2700000e+02
  2.1530000e+03	  9.0851837e+01	  1.2700000e+02
  2.1540000e+03	  9.2769630e+01	  1.2700000e+02
  2.1550000e+03	  9.4687431e+01	  1.2700000e+02
  2.1560000e+03	  9.6605225e+01	  1.2700000e+02
  2.1570000e+03	  9.8523018e+01	  1.2700000e+02
  2.1580000e+03	  1.0044081e+02	  1.2700000e+02
  2.1590000e+03	  1.0235860e+02	  1.2700000e+02
  2.1600000e+03	  1.0427640e+02	  1.2700000e+02
  2.1610000e+03	  1.0619419e+02	  1.2700000e+02
  2.1620000e+03	  1.0811198e+02	  1.2700000e+02
  2.1630000e+03	  1.1002978e+02	  1.2700000e+02
  2.1640000e+03	  1.1194757e+02	  1.2700000e+02
  2.1650000e+03	  1.1386536e+02	  1.2700000e+02
  2.1660000e+03	  1.1578316e+02	  1.2700000e+02
  2.1670000e+03	  1.1770095e+02	  1.2700000e+02
  2.1680000e+03	  1.1961875e+02	  1.2700000e+02
  2.1690000e+03	  1.2153654e+02	  1.2700000e+02
  2.1700000e+03	  1.2345434e+02	  1.2700000e+02
  2.1710000e+03	  1.2537213e+02	  1.2700000e+02
  2.1720000e+03	  1.2728992e+02	  1.2700000e+02
  2.1730000e+03	  1.2920772e+02	  1.2700000e+02
  2.1740000e+03	  1.3112552e+02	  1.2700000e+02
  2.1750000e+03	  1.3304330e+02	  1.2700000e+02
  2.1760000e+03	  1.3496111e+02	  1.2700000e+02
  2.1770000e+03	  7.1761398e+01	  1.2900000e+02
  2.1780000e+03	  7.3674194e+01	  1.2900000e+02
  2.1790000e+03	  7.5586983e+01	  1.2900000e+02
  2.1800000e+03	  7.7499779e+01	  1.2900000e+02
  2.1810000e+03	  7.9412575e+01	  1.2900000e+02
  2.1820000e+03	  8.1325371e+01	  1.2900000e+02
  2.1830000e+03	  8.3238167e+01	  1.2900000e+02
  2.1840000e+03	  8.5150955e+01	  1.2900000e+02
  2.1850000e+03	  8.7063751e+01	  1.2900000e+02
  2.1860000e+03	  8.8976547e+01	  1.2900000e+02
  2.1870000e+03	  9.0889336e+01	  1.2900000e+02
  2.1880000e+03	  9.2802132e+01	  1.2900000e+02
  2.1890000e+03	  9.4714928e+01	  1.2900000e+02
  2.1900000e+03	  9.6627716e+01	  1.2900000e+02
  2.1910000e+03	  9.8540512e+01	  1.2900000e+02
  2.1920000e+03	  1.0045331e+02	  1.2900000e+02
  2.1930000e+03	  1.0236610e+02	  1.2900000e+02
  2.1940000e+03	  1.0427889e+02	  1.2900000e+02
  2.1950000e+03	  1.0619169e+02	  1.2900000e+02
  2.1960000e+03	  1.0810448e+02	  1.2900000e+02
  2.1970000e+03	  1.1001728e+02	  1.2900000e+02
  2.1980000e+03	  1.1193008e+02	  1.2900000e+02
  2.1990000e+03	  1.1384286e+02	  1.2900000e+02
  2.2000000e+03	  1.1575566e+02	  1.2900000e+02
  2.2010000e+03	  1.1766846e+02	  1.2900000e+02
  2.2020000e+03	  1.1958125e+02	  1.2900000e+02
  2.2030000e+03	  1.2149404e+02	  1.2900000e+02
  2.2040000e+03	  1.2340684e+02	  1.2900000e+02
  2.2050000e+03	  1.2531963e+02	  1.2900000e+02
  2.2060000e+03	  1.2723243e+02	  1.2900000e+02
  2.2070000e+03	  1.2914522e+02	  1.2900000e+02
  2.2080000e+03	  1.3105801e+02	  1.2900000e+02
  2.2090000e+03	  1.3297081e+02	  1.2900000e+02
  2.2100000e+03	  1.3488361e+02	  1.2900000e+02
  2.2110000e+03	  7.1848892e+01	  1.3100000e+02
  2.2120000e+03	  7.3756691e+01	  1.3100000e+02
  2.2130000e+03	  7.5664482e+01	  1.3100000e+02
  2.2140000e+03	  7.7572281e+01	  1.3100000e+02
  2.2150000e+03	  7.9480072e+01	  1.3100000e+02
  2.2160000e+03	  8.1387871e+01	  1.3100000e+02
  2.2170000e+03	  8.3295662e+01	  1.3100000e+02
  2.2180000e+03	  8.5203461e+01	  1.3100000e+02
  2.2190000e+03	  8.7111252e+01	  1.3100000e+02
  2.2200000e+03	  8.9019043e+01	  1.3100000e+02
  2.2210000e+03	  9.0926842e+01	  1.3100000e+02
  2.2220000e+03	  9.2834633e+01	  1.3100000e+02
  2.2230000e+03	  9.4742424e+01	  1.3100000e+02
  2.2240000e+03	  9.6650223e+01	  1.3100000e+02
  2.2250000e+03	  9.8558014e+01	  1.3100000e+02
  2.2260000e+03	  1.0046581e+02	  1.3100000e+02
  2.2270000e+03	  1.0237360e+02	  1.3100000e+02
  2.2280000e+03	  1.0428139e+02	  1.3100000e+02
  2.2290000e+03	  1.0618919e+02	  1.3100000e+02
  2.2300000e+03	  1.0809698e+02	  1.3100000e+02
  2.2310000e+03	  1.1000478e+02	  1.3100000e+02
  2.2320000e+03	  1.1191257e+02	  1.3100000e+02
  2.2330000e+03	  1.1382037e+02	  1.3100000e+02
  2.2340000e+03	  1.1572816e+02	  1.3100000e+02
  2.2350000e+03	  1.1763596e+02	  1.3100000e+02
  2.2360000e+03	  1.1954375e+02	  1.3100000e+02
  2.2370000e+03	  1.2145155e+02	  1.3100000e+02
  2.2380000e+03	  1.2335934e+02	  1.3100000e+02
  2.2390000e+03	  1.2526714e+02	  1.3100000e+02
  2.2400000e+03	  1.2717493e+02	  1.3100000e+02
  2.2410000e+03	  1.2908272e+02	  1.3100000e+02
  2.2420000e+03	  1.3099052e+02	  1.3100000e+02
  2.2430000e+03	  1.3289832e+02	  1.3100000e+02
  2.2440000e+03	  1.3480611e+02	  1.3100000e+02
  2.2450000e+03	  7.1936394e+01	  1.3300000e+02
  2.2460000e+03	  7.3839195e+01	  1.3300000e+02
  2.2470000e+03	  7.5741989e+01	  1.3300000e+02
  2.2480000e+03	  7.7644783e+01	  1.3300000e+02
  2.2490000e+03	  7.9547577e+01	  1.3300000e+02
  2.2500000e+03	  8.1450371e+01	  1.3300000e+02
  2.2510000e+03	  8.3353165e+01	  1.3300000e+02
  2.2520000e+03	  8.5255959e+01	  1.3300000e+02
  2.2530000e+03	  8.7158752e+01	  1.3300000e+02
  2.2540000e+03	  8.9061546e+01	  1.3300000e+02
  2.2550000e+03	  9.0964340e+01	  1.3300000e+02
  2.2560000e+03	  9.2867126e+01	  1.3300000e+02
  2.2570000e+03	  9.4769928e+01	  1.3300000e+02
  2.2580000e+03	  9.6672722e+01	  1.3300000e+02
  2.2590000e+03	  9.8575516e+01	  1.3300000e+02
  2.2600000e+03	  1.0047831e+02	  1.3300000e+02
  2.2610000e+03	  1.0238110e+02	  1.3300000e+02
  2.2620000e+03	  1.0428390e+02	  1.3300000e+02
  2.2630000e+03	  1.0618669e+02	  1.3300000e+02
  2.2640000e+03	  1.0808949e+02	  1.3300000e+02
  2.2650000e+03	  1.0999228e+02	  1.3300000e+02
  2.2660000e+03	  1.1189507e+02	  1.3300000e+02
  2.2670000e+03	  1.1379787e+02	  1.3300000e+02
  2.2680000e+03	  1.1570066e+02	  1.3300000e+02
  2.2690000e+03	  1.1760345e+02	  1.3300000e+02
  2.2700000e+03	  1.1950625e+02	  1.3300000e+02
  2.2710000e+03	  1.2140904e+02	  1.3300000e+02
  2.2720000e+03	  1.2331184e+02	  1.3300000e+02
  2.2730000e+03	  1.2521463e+02	  1.3300000e+02
  2.2740000e+03	  1.2711742e+02	  1.3300000e+02
  2.2750000e+03	  1.2902022e+02	  1.3300000e+02
  2.2760000e+03	  1.3092302e+02	  1.3300000e+02
  2.2770000e+03	  1.3282581e+02	  1.3300000e+02
  2.2780000e+03	  1.3472861e+02	  1.3300000e+02
  2.2790000e+03	  7.2023895e+01	  1.3500000e+02
  2.2800000e+03	  7.3921692e+01	  1.3500000e+02
  2.2810000e+03	  7.5819489e+01	  1.3500000e+02
  2.2820000e+03	  7.7717278e+01	  1.3500000e+02
  2.2830000e+03	  7.9615074e+01	  1.3500000e+02
  2.2840000e+03	  8.1512871e+01	  1.3500000e+02
  2.2850000e+03	  8.3410667e+01	  1.3500000e+02
  2.2860000e+03	  8.5308456e+01	  1.3500000e+02
  2.2870000e+03	  8.7206253e+01	  1.3500000e+02
  2.2880000e+03	  8.9104050e+01	  1.3500000e+02
  2.2890000e+03	  9.1001839e+01	  1.3500000e+02
  2.2900000e+03	  9.2899635e+01	  1.3500000e+02
  2.2910000e+03	  9.4797424e+01	  1.3500000e+02
  2.2920000e+03	  9.6695221e+01	  1.3500000e+02
  2.2930000e+03	  9.8593018e+01	  1.3500000e+02
  2.2940000e+03	  1.0049081e+02	  1.3500000e+02
  2.2950000e+03	  1.0238860e+02	  1.3500000e+02
  2.2960000e+03	  1.0428639e+02	  1.3500000e+02
  2.2970000e+03	  1.0618419e+02	  1.3500000e+02
  2.2980000e+03	  1.0808199e+02	  1.3500000e+02
  2.2990000e+03	  1.0997977e+02	  1.3500000e+02
  2.3000000e+03	  1.1187757e+02	  1.3500000e+02
  2.3010000e+03	  1.1377537e+02	  1.3500000e+02
  2.3020000e+03	  1.1567316e+02	  1.3500000e+02
  2.3030000e+03	  1.1757095e+02	  1.3500000e+02
  2.3040000e+03	  1.1946875e+02	  1.3500000e+02
  2.3050000e+03	  1.2136654e+02	  1.3500000e+02
  2.3060000e+03	  1.2326434e+02	  1.3500000e+02
  2.3070000e+03	  1.2516213e+02	  1.3500000e+02
  2.3080000e+03	  1.2705992e+02	  1.3500000e+02
  2.3090000e+03	  1.2895772e+02	  1.3500000e+02
  2.3100000e+03	  1.3085551e+02	  1.3500000e+02
  2.3110000e+03	  1.3275331e+02	  1.3500000e+02
  2.3120000e+03	  1.3465109e+02	  1.3500000e+02
  2.3130000e+03	  7.2111397e+01	  1.3700000e+02
  2.3140000e+03	  7.4004189e+01	  1.3700000e+02
  2.3150000e+03	  7.5896988e+01	  1.3700000e+02
  2.3160000e+03	  7.7789780e+01	  1.3700000e+02
  2.3170000e+03	  7.9682571e+01	  1.3700000e+02
  2.3180000e+03	  8.1575371e+01	  1.3700000e+02
  2.3190000e+03	  8.3468163e+01	  1.3700000e+02
  2.3200000e+03	  8.5360962e+01	  1.3700000e+02
  2.3210000e+03	  8.7253754e+01	  1.3700000e+02
  2.3220000e+03	  8.9146545e+01	  1.3700000e+02
  2.3230000e+03	  9.1039337e+01	  1.3700000e+02
  2.3240000e+03	  9.2932137e+01	  1.3700000e+02
  2.3250000e+03	  9.4824928e+01	  1.3700000e+02
  2.3260000e+03	  9.6717720e+01	  1.3700000e+02
  2.3270000e+03	  9.8610519e+01	  1.3700000e+02
  2.3280000e+03	  1.0050330e+02	  1.3700000e+02
  2.3290000e+03	  1.0239610e+02	  1.3700000e+02
  2.3300000e+03	  1.0428889e+02	  1.3700000e+02
  2.3310000e+03	  1.0618169e+02	  1.3700000e+02
  2.3320000e+03	  1.0807449e+02	  1.3700000e+02
  2.3330000e+03	  1.0996728e+02	  1.3700000e+02
  2.3340000e+03	  1.1186007e+02	  1.3700000e+02
  2.3350000e+03	  1.1375287e+02	  1.3700000e+02
  2.3360000e+03	  1.1564566e+02	  1.3700000e+02
  2.3370000e+03	  1.1753845e+02	  1.3700000e+02
  2.3380000e+03	  1.1943125e+02	  1.3700000e+02
  2.3390000e+03	  1.2132404e+02	  1.3700000e+02
  2.3400000e+03	  1.2321684e+02	  1.3700000e+02
  2.3410000e+03	  1.2510963e+02	  1.3700000e+02
  2.3420000e+03	  1.2700243e+02	  1.3700000e+02
  2.3430000e+03	  1.2889522e+02	  1.3700000e+02
  2.3440000e+03	  1.3078801e+02	  1.3700000e+02
  2.3450000e+03	  1.3268080e+02	  1.3700000e+02
  2.3460000e+03	  1.3457359e+02	  1.3700000e+02
  2.3470000e+03	  7.2198898e+01	  1.3900000e+02
  2.3480000e+03	  7.4086693e+01	  1.3900000e+02
  2.3490000e+03	  7.5974487e+01	  1.3900000e+02
  2.3500000e+03	  7.7862282e+01	  1.3900000e+02
  2.3510000e+03	  7.9750076e+01	  1.3900000e+02
  2.3520000e+03	  8.1637863e+01	  1.3900000e+02
  2.3530000e+03	  8.3525665e+01	  1.3900000e+02
  2.3540000e+03	  8.5413460e+01	  1.3900000e+02
  2.3550000e+03	  8.7301247e+01	  1.3900000e+02
  2.3560000e+03	  8.9189041e+01	  1.3900000e+02
  2.3570000e+03	  9.1076836e+01	  1.3900000e+02
  2.3580000e+03	  9.2964638e+01	  1.3900000e+02
  2.3590000e+03	  9.4852425e+01	  1.3900000e+02
  2.3600000e+03	  9.6740219e+01	  1.3900000e+02
  2.3610000e+03	  9.8628014e+01	  1.3900000e+02
  2.3620000e+03	  1.0051581e+02	  1.3900000e+02
  2.3630000e+03	  1.0240360e+02	  1.3900000e+02
  2.3640000e+03	  1.0429140e+02	  1.3900000e+02
  2.3650000e+03	  1.0617919e+02	  1.3900000e+02
  2.3660000e+03	  1.0806699e+02	  1.3900000e+02
  2.3670000e+03	  1.0995478e+02	  1.3900000e+02
  2.3680000e+03	  1.1184258e+02	  1.3900000e+02
  2.3690000e+03	  1.1373037e+02	  1.3900000e+02
  2.3700000e+03	  1.1561816e+02	  1.3900000e+02
  2.3710000e+03	  1.1750596e+02	  1.3900000e+02
  2.3720000e+03	  1.1939375e+02	  1.3900000e+02
  2.3730000e+03	  1.2128155e+02	  1.3900000e+02
  2.3740000e+03	  1.2316934e+02	  1.3900000e+02
  2.3750000e+03	  1.2505713e+02	  1.3900000e+02
  2.3760000e+03	  1.2694492e+02	  1.3900000e+02
  2.3770000e+03	  1.2883272e+02	  1.3900000e+02
  2.3780000e+03	  1.3072052e+02	  1.3900000e+02
  2.3790000e+03	  1.3260831e+02	  1.3900000e+02
  2.3800000e+03	  1.3449609e+02	  1.3900000e+02
  2.3810000e+03	  7.2286400e+01	  1.4100000e+02
  2.3820000e+03	  7.4169189e+01	  1.4100000e+02
  2.3830000e+03	  7.6051987e+01	  1.4100000e+02
  2.3840000e+03	  7.7934784e+01	  1.4100000e+02
  2.3850000e+03	  7.9817574e+01	  1.4100000e+02
  2.3860000e+03	  8.1700371e+01	  1.4100000e+02
  2.3870000e+03	  8.3583160e+01	  1.4100000e+02
  2.3880000e+03	  8.5465958e+01	  1.4100000e+02
  2.3890000e+03	  8.7348747e+01	  1.4100000e+02
  2.3900000e+03	  8.9231544e+01	  1.4100000e+02
  2.3910000e+03	  9.1114342e+01	  1.4100000e+02
  2.3920000e+03	  9.2997131e+01	  1.4100000e+02
  2.3930000e+03	  9.4879929e+01	  1.4100000e+02
  2.3940000e+03	  9.6762718e+01	  1.4100000e+02
  2.3950000e+03	  9.8645515e+01	  1.4100000e+02
  2.3960000e+03	  1.0052831e+02	  1.4100000e+02
  2.3970000e+03	  1.0241110e+02	  1.4100000e+02
  2.3980000e+03	  1.0429390e+02	  1.4100000e+02
  2.3990000e+03	  1.0617669e+02	  1.4100000e+02
  2.4000000e+03	  1.0805949e+02	  1.4100000e+02
  2.4010000e+03	  1.0994228e+02	  1.4100000e+02
  2.4020000e+03	  1.1182507e+02	  1.4100000e+02
  2.4030000e+03	  1.1370787e+02	  1.4100000e+02
  2.4040000e+03	  1.1559066e+02	  1.4100000e+02
  2.4050000e+03	  1.1747346e+02	  1.4100000e+02
  2.4060000e+03	  1.1935625e+02	  1.4100000e+02
  2.4070000e+03	  1.2123904e+02	  1.4100000e+02
  2.4080000e+03	  1.2312184e+02	  1.4100000e+02
  2.4090000e+03	  1.2500463e+02	  1.4100000e+02
  2.4100000e+03	  1.2688743e+02	  1.4100000e+02
  2.4110000e+03	  1.2877022e+02	  1.4100000e+02
  2.4120000e+03	  1.3065302e+02	  1.4100000e+02
  2.4130000e+03	  1.3253581e+02	  1.4100000e+02
  2.4140000e+03	  1.3441861e+02	  1.4100000e+02
  2.4150000e+03	  7.2373901e+01	  1.4300000e+02
  2.4160000e+03	  7.4251694e+01	  1.4300000e+02
  2.4170000e+03	  7.6129486e+01	  1.4300000e+02
  2.4180000e+03	  7.8007278e+01	  1.4300000e+02
  2.4190000e+03	  7.9885078e+01	  1.4300000e+02
  2.4200000e+03	  8.1762871e+01	  1.4300000e+02
  2.4210000e+03	  8.3640663e+01	  1.4300000e+02
  2.4220000e+03	  8.5518456e+01	  1.4300000e+02
  2.4230000e+03	  8.7396248e+01	  1.4300000e+02
  2.4240000e+03	  8.9274048e+01	  1.4300000e+02
  2.4250000e+03	  9.1151840e+01	  1.4300000e+02
  2.4260000e+03	  9.3029633e+01	  1.4300000e+02
  2.4270000e+03	  9.4907425e+01	  1.4300000e+02
  2.4280000e+03	  9.6785225e+01	  1.4300000e+02
  2.4290000e+03	  9.8663017e+01	  1.4300000e+02
  2.4300000e+03	  1.0054081e+02	  1.4300000e+02
  2.4310000e+03	  1.0241860e+02	  1.4300000e+02
  2.4320000e+03	  1.0429639e+02	  1.4300000e+02
  2.4330000e+03	  1.0617419e+02	  1.4300000e+02
  2.4340000e+03	  1.0805199e+02	  1.4300000e+02
  2.4350000e+03	  1.0992978e+02	  1.4300000e+02
  2.4360000e+03	  1.1180757e+02	  1.4300000e+02
  2.4370000e+03	  1.1368537e+02	  1.4300000e+02
  2.4380000e+03	  1.1556316e+02	  1.4300000e+02
  2.4390000e+03	  1.1744096e+02	  1.4300000e+02
  2.4400000e+03	  1.1931875e+02	  1.4300000e+02
  2.4410000e+03	  1.2119655e+02	  1.4300000e+02
  2.4420000e+03	  1.2307434e+02	  1.4300000e+02
  2.4430000e+03	  1.2495213e+02	  1.4300000e+02
  2.4440000e+03	  1.2682993e+02	  1.4300000e+02
  2.4450000e+03	  1.2870772e+02	  1.4300000e+02
  2.4460000e+03	  1.3058551e+02	  1.4300000e+02
  2.4470000e+03	  1.3246332e+02	  1.4300000e+02
  2.4480000e+03	  1.3434111e+02	  1.4300000e+02
  2.4490000e+03	  7.2461395e+01	  1.4500000e+02
  2.4500000e+03	  7.4334190e+01	  1.4500000e+02
  2.4510000e+03	  7.6206985e+01	  1.4500000e+02
  2.4520000e+03	  7.8079781e+01	  1.4500000e+02
  2.4530000e+03	  7.9952576e+01	  1.4500000e+02
  2.4540000e+03	  8.1825363e+01	  1.4500000e+02
  2.4550000e+03	  8.3698158e+01	  1.4500000e+02
  2.4560000e+03	  8.5570953e+01	  1.4500000e+02
  2.4570000e+03	  8.7443756e+01	  1.4500000e+02
  2.4580000e+03	  8.9316544e+01	  1.4500000e+02
  2.4590000e+03	  9.1189339e+01	  1.4500000e+02
  2.4600000e+03	  9.3062134e+01	  1.4500000e+02
  2.4610000e+03	  9.4934929e+01	  1.4500000e+02
  2.4620000e+03	  9.6807724e+01	  1.4500000e+02
  2.4630000e+03	  9.8680511e+01	  1.4500000e+02
  2.4640000e+03	  1.0055331e+02	  1.4500000e+02
  2.4650000e+03	  1.0242610e+02	  1.4500000e+02
  2.4660000e+03	  1.0429890e+02	  1.4500000e+02
  2.4670000e+03	  1.0617169e+02	  1.4500000e+02
  2.4680000e+03	  1.0804449e+02	  1.4500000e+02
  2.4690000e+03	  1.0991728e+02	  1.4500000e+02
  2.4700000e+03	  1.1179008e+02	  1.4500000e+02
  2.4710000e+03	  1.1366286e+02	  1.4500000e+02
  2.4720000e+03	  1.1553566e+02	  1.4500000e+02
  2.4730000e+03	  1.1740845e+02	  1.4500000e+02
  2.4740000e+03	  1.1928125e+02	  1.4500000e+02
  2.4750000e+03	  1.2115405e+02	  1.4500000e+02
  2.4760000e+03	  1.2302683e+02	  1.4500000e+02
  2.4770000e+03	  1.2489964e+02	  1.4500000e+02
  2.4780000e+03	  1.2677243e+02	  1.4500000e+02
  2.4790000e+03	  1.2864522e+02	  1.4500000e+02
  2.4800000e+03	  1.3051802e+02	  1.4500000e+02
  2.4810000e+03	  1.3239081e+02	  1.4500000e+02
  2.4820000e+03	  1.3426360e+02	  1.4500000e+02
  2.4830000e+03	  7.2548897e+01	  1.4700000e+02
  2.4840000e+03	  7.4416687e+01	  1.4700000e+02
  2.4850000e+03	  7.6284485e+01	  1.4700000e+02
  2.4860000e+03	  7.8152283e+01	  1.4700000e+02
  2.4870000e+03	  8.0020073e+01	  1.4700000e+02
  2.4880000e+03	  8.1887871e+01	  1.4700000e+02
  2.4890000e+03	  8.3755661e+01	  1.4700000e+02
  2.4900000e+03	  8.5623459e+01	  1.4700000e+02
  2.4910000e+03	  8.7491249e+01	  1.4700000e+02
  2.4920000e+03	  8.9359047e+01	  1.4700000e+02
  2.4930000e+03	  9.1226837e+01	  1.4700000e+02
  2.4940000e+03	  9.3094635e+01	  1.4700000e+02
  2.4950000e+03	  9.4962425e+01	  1.4700000e+02
  2.4960000e+03	  9.6830223e+01	  1.4700000e+02
  2.4970000e+03	  9.8698013e+01	  1.4700000e+02
  2.4980000e+03	  1.0056581e+02	  1.4700000e+02
  2.4990000e+03	  1.0243360e+02	  1.4700000e+02
  2.5000000e+03	  1.0430140e+02	  1.4700000e+02
  2.5010000e+03	  1.0616919e+02	  1.4700000e+02
  2.5020000e+03	  1.0803699e+02	  1.4700000e+02
  2.5030000e+03	  1.0990478e+02	  1.4700000e+02
  2.5040000e+03	  1.1177258e+02	  1.4700000e+02
  2.5050000e+03	  1.1364037e+02	  1.4700000e+02
  2.5060000e+03	  1.1550816e+02	  1.4700000e+02
  2.5070000e+03	  1.1737595e+02	  1.4700000e+02
  2.5080000e+03	  1.1924375e+02	  1.4700000e+02
  2.5090000e+03	  1.2111154e+02	  1.4700000e+02
  2.5100000e+03	  1.2297934e+02	  1.4700000e+02
  2.5110000e+03	  1.2484713e+02	  1.4700000e+02
  2.5120000e+03	  1.2671493e+02	  1.4700000e+02
  2.5130000e+03	  1.2858272e+02	  1.4700000e+02
  2.5140000e+03	  1.3045052e+02	  1.4700000e+02
  2.5150000e+03	  1.3231831e+02	  1.4700000e+02
  2.5160000e+03	  1.3418610e+02	  1.4700000e+02
  2.5170000e+03	  7.2636398e+01	  1.4900000e+02
  2.5180000e+03	  7.4499191e+01	  1.4900000e+02
  2.5190000e+03	  7.6361984e+01	  1.4900000e+02
  2.5200000e+03	  7.8224777e+01	  1.4900000e+02
  2.5210000e+03	  8.0087578e+01	  1.4900000e+02
  2.5220000e+03	  8.1950371e+01	  1.4900000e+02
  2.5230000e+03	  8.3813164e+01	  1.4900000e+02
  2.5240000e+03	  8.5675957e+01	  1.4900000e+02
  2.5250000e+03	  8.7538750e+01	  1.4900000e+02
  2.5260000e+03	  8.9401543e+01	  1.4900000e+02
  2.5270000e+03	  9.1264336e+01	  1.4900000e+02
  2.5280000e+03	  9.3127129e+01	  1.4900000e+02
  2.5290000e+03	  9.4989922e+01	  1.4900000e+02
  2.5300000e+03	  9.6852722e+01	  1.4900000e+02
  2.5310000e+03	  9.8715515e+01	  1.4900000e+02
  2.5320000e+03	  1.0057831e+02	  1.4900000e+02
  2.5330000e+03	  1.0244110e+02	  1.4900000e+02
  2.5340000e+03	  1.0430389e+02	  1.4900000e+02
  2.5350000e+03	  1.0616669e+02	  1.4900000e+02
  2.5360000e+03	  1.0802948e+02	  1.4900000e+02
  2.5370000e+03	  1.0989228e+02	  1.4900000e+02
  2.5380000e+03	  1.1175507e+02	  1.4900000e+02
  2.5390000e+03	  1.1361787e+02	  1.4900000e+02
  2.5400000e+03	  1.1548066e+02	  1.4900000e+02
  2.5410000e+03	  1.1734345e+02	  1.4900000e+02
  2.5420000e+03	  1.1920625e+02	  1.4900000e+02
  2.5430000e+03	  1.2106905e+02	  1.4900000e+02
  2.5440000e+03	  1.2293184e+02	  1.4900000e+02
  2.5450000e+03	  1.2479463e+02	  1.4900000e+02
  2.5460000e+03	  1.2665742e+02	  1.4900000e+02
  2.5470000e+03	  1.2852022e+02	  1.4900000e+02
  2.5480000e+03	  1.3038301e+02	  1.4900000e+02
  2.5490000e+03	  1.3224580e+02	  1.4900000e+02
  2.5500000e+03	  1.3410860e+02	  1.4900000e+02
