7.95037e-01
8.98895e-01
8.91644e-01
8.54927e-01
8.88067e-01
9.55067e-01
9.22465e-01
8.78981e-01
9.16331e-01
7.74401e-01
9.06417e-01
9.29515e-01
7.35343e-01
9.42327e-01
9.18347e-01
9.32249e-01
9.04514e-01
7.98908e-01
9.57944e-01
8.14592e-01
9.03025e-01
9.01768e-01
9.31393e-01
9.55513e-01
7.64298e-01
8.41567e-01
9.64427e-01
8.88462e-01
9.30712e-01
8.66429e-01
8.71442e-01
8.62197e-01
7.08229e-01
9.71680e-01
9.63068e-01
8.80319e-01
8.64593e-01
9.49038e-01
7.72608e-01
8.62438e-01
8.68756e-01
8.12389e-01
9.87242e-01
7.13934e-01
8.31401e-01
8.89599e-01
9.11046e-01
9.15157e-01
8.46805e-01
8.58634e-01
9.25388e-01
9.53076e-01
9.71014e-01
9.44008e-01
8.58630e-01
9.26549e-01
6.14275e-01
8.93543e-01
8.84413e-01
8.36620e-01
9.28322e-01
8.45111e-01
8.78070e-01
9.40531e-01
8.89076e-01
9.50000e-01
8.38767e-01
8.88067e-01
9.29400e-01
9.83657e-01
9.51070e-01
8.55826e-01
9.43556e-01
9.47368e-01
9.32203e-01
8.43610e-01
9.33916e-01
9.53394e-01
8.70406e-01
9.25049e-01
9.66303e-01
9.58374e-01
9.53020e-01
6.71779e-01
9.39640e-01
9.65899e-01
7.97693e-01
8.58300e-01
6.97656e-01
9.39210e-01
9.30812e-01
9.70027e-01
9.53299e-01
6.91086e-01
8.88350e-01
8.68421e-01
9.70392e-01
7.01320e-01
9.12727e-01
8.34201e-01
7.79141e-01
9.26780e-01
8.85503e-01
9.01523e-01
8.55376e-01
8.91386e-01
8.71673e-01
8.71662e-01
9.13000e-01
8.65927e-01
9.17537e-01
9.46820e-01
8.81836e-01
8.88594e-01
8.33478e-01
8.75000e-01
7.55328e-01
7.48933e-01
8.91798e-01
9.70619e-01
8.86700e-01
9.29142e-01
9.38062e-01
8.23420e-01
8.32039e-01
9.12957e-01
8.90720e-01
8.97903e-01
8.09031e-01
9.00107e-01
8.37889e-01
9.21748e-01
8.60952e-01
8.22362e-01
9.19278e-01
8.56494e-01
7.77211e-01
8.71725e-01
9.54416e-01
7.42574e-01
8.91753e-01
9.62247e-01
9.08933e-01
9.07723e-01
8.01549e-01
9.35807e-01
9.15432e-01
9.24272e-01
9.59459e-01
9.37611e-01
6.05140e-01
8.55679e-01
8.78428e-01
8.63678e-01
8.84470e-01
8.47594e-01
9.63671e-01
9.29648e-01
8.86447e-01
8.14366e-01
9.39331e-01
9.32432e-01
9.47628e-01
9.75072e-01
9.02672e-01
9.30018e-01
9.04324e-01
8.26129e-01
8.52679e-01
8.65014e-01
9.48259e-01
9.11708e-01
9.18408e-01
9.59770e-01
8.22519e-01
8.88174e-01
8.42576e-01
8.04511e-01
9.01203e-01
9.61538e-01
7.77510e-01
8.44081e-01
9.70837e-01
7.09163e-01
9.64457e-01
9.64143e-01
7.43735e-01
7.54780e-01
9.39282e-01
6.69444e-01
8.86775e-01
9.46588e-01
9.28037e-01
5.01850e-01
9.59585e-01
8.85188e-01
8.08081e-01
9.68000e-01
9.40043e-01
8.16344e-01
8.93032e-01
7.69904e-01
9.16512e-01
8.14847e-01
9.24528e-01
9.23464e-01
9.35933e-01
9.81057e-01
9.23153e-01
9.53204e-01
9.47569e-01
8.06368e-01
7.23849e-01
8.92430e-01
9.37618e-01
7.42385e-01
9.31756e-01
6.20635e-01
9.15974e-01
8.90476e-01
7.65957e-01
9.22090e-01
9.65580e-01
8.59279e-01
7.27993e-01
9.09256e-01
9.33124e-01
8.07832e-01
8.82923e-01
8.46411e-01
9.23077e-01
8.81565e-01
8.03571e-01
9.72332e-01
8.57829e-01
9.17004e-01
9.52061e-01
9.72549e-01
9.40719e-01
9.54677e-01
8.88145e-01
9.40202e-01
7.53436e-01
8.99316e-01
8.77612e-01
7.63844e-01
8.52066e-01
6.98653e-01
8.92464e-01
8.47382e-01
8.12392e-01
9.32049e-01
7.99845e-01
9.13043e-01
9.43137e-01
9.55679e-01
9.17078e-01
9.31665e-01
9.07692e-01
9.03226e-01
8.76769e-01
9.60117e-01
8.78731e-01
9.54365e-01
8.76882e-01
8.10881e-01
7.52435e-01
7.52756e-01
9.25551e-01
7.43142e-01
9.30353e-01
9.11439e-01
9.32418e-01
8.02502e-01
9.04348e-01
8.93993e-01
9.28762e-01
9.20809e-01
8.32696e-01
8.50050e-01
4.97202e-01
8.98354e-01
7.99293e-01
8.71908e-01
8.67299e-01
8.82406e-01
8.66838e-01
8.99293e-01
9.57102e-01
8.02249e-01
9.24012e-01
8.45481e-01
6.10687e-01
9.60513e-01
8.88778e-01
9.75636e-01
9.26471e-01
9.09091e-01
9.54545e-01
5.68289e-01
7.39777e-01
5.42813e-01
8.88330e-01
8.54580e-01
9.50485e-01
9.71429e-01
8.78302e-01
9.20372e-01
9.28721e-01
9.58130e-01
9.38154e-01
7.58650e-01
8.92099e-01
8.63548e-01
9.19261e-01
8.32603e-01
7.63496e-01
9.67771e-01
7.45347e-01
9.38758e-01
9.53140e-01
7.70197e-01
9.52424e-01
9.01869e-01
9.47315e-01
8.45868e-01
9.36945e-01
6.15264e-01
8.78159e-01
9.42398e-01
7.83078e-01
8.59142e-01
9.65415e-01
9.37183e-01
8.49813e-01
9.47556e-01
9.57576e-01
8.69608e-01
9.52153e-01
9.43779e-01
9.57862e-01
9.63115e-01
8.92093e-01
8.97013e-01
8.70879e-01
9.05906e-01
9.16190e-01
9.59087e-01
8.92079e-01
8.32028e-01
7.22628e-01
6.63200e-01
6.01702e-01
7.52610e-01
9.25926e-01
8.04133e-01
9.56067e-01
9.51147e-01
8.18558e-01
9.02196e-01
8.94434e-01
8.69115e-01
5.42090e-01
9.35015e-01
6.91968e-01
9.55169e-01
8.96092e-01
9.69671e-01
9.74206e-01
9.28816e-01
8.93436e-01
9.58036e-01
7.94872e-01
8.85057e-01
8.30596e-01
9.23835e-01
6.76885e-01
9.10766e-01
9.46764e-01
9.15363e-01
7.72879e-01
9.13649e-01
8.34775e-01
8.40253e-01
9.37262e-01
8.19107e-01
9.37864e-01
9.31444e-01
9.20495e-01
9.21747e-01
9.32065e-01
8.06771e-01
8.98374e-01
6.92368e-01
8.40619e-01
9.69981e-01
7.15008e-01
8.87706e-01
7.90614e-01
8.97548e-01
8.70690e-01
9.39421e-01
8.53521e-01
8.92493e-01
9.59319e-01
8.42738e-01
8.89649e-01
9.02534e-01
8.99017e-01
9.39457e-01
6.83704e-01
7.42500e-01
8.84892e-01
9.32267e-01
9.61326e-01
9.54463e-01
9.16667e-01
7.46324e-01
9.46680e-01
8.56514e-01
7.25045e-01
9.27354e-01
9.55490e-01
9.62099e-01
9.07084e-01
9.50495e-01
9.29775e-01
8.70938e-01
8.31261e-01
8.87442e-01
7.43612e-01
8.70354e-01
9.29552e-01
8.43080e-01
8.53448e-01
9.16364e-01
8.95119e-01
8.82248e-01
9.68075e-01
9.37057e-01
8.70656e-01
9.85809e-01
9.06223e-01
4.94382e-01
7.40801e-01
9.56439e-01
8.40036e-01
9.39221e-01
7.79299e-01
9.11956e-01
7.88462e-01
9.20311e-01
9.68553e-01
9.45869e-01
9.87267e-01
9.19223e-01
9.34804e-01
9.63928e-01
7.95096e-01
6.55589e-01
6.49485e-01
8.49597e-01
9.67623e-01
6.95911e-01
8.59155e-01
8.66447e-01
9.46734e-01
6.80739e-01
8.50758e-01
9.45591e-01
9.31751e-01
7.44628e-01
9.26512e-01
8.51971e-01
9.06542e-01
8.75849e-01
9.05181e-01
8.56554e-01
9.46519e-01
7.26950e-01
9.09627e-01
5.46349e-01
9.48100e-01
6.89246e-01
9.59786e-01
7.10943e-01
8.80708e-01
9.58042e-01
8.82591e-01
8.96243e-01
9.53979e-01
9.09867e-01
9.24509e-01
9.48640e-01
7.64268e-01
9.18327e-01
9.43114e-01
8.06789e-01
8.89980e-01
7.43756e-01
8.18261e-01
9.19551e-01
9.59082e-01
8.69381e-01
7.86096e-01
8.59019e-01
8.77260e-01
8.79518e-01
7.86704e-01
7.83713e-01
7.45777e-01
7.26625e-01
9.49248e-01
9.48433e-01
8.63681e-01
6.92496e-01
8.03157e-01
7.27359e-01
9.55656e-01
8.27526e-01
9.28713e-01
8.05172e-01
8.84072e-01
8.55993e-01
8.33622e-01
9.05850e-01
9.07124e-01
8.74890e-01
8.83902e-01
8.85996e-01
6.80782e-01
7.73276e-01
8.64769e-01
8.08754e-01
7.99130e-01
5.36705e-01
9.27189e-01
7.83854e-01
8.01205e-01
9.86301e-01
8.87129e-01
8.62661e-01
8.05842e-01
9.20709e-01
7.95089e-01
8.52093e-01
8.93321e-01
8.68677e-01
8.22042e-01
8.04899e-01
8.45964e-01
7.56057e-01
8.94792e-01
8.77176e-01
7.19816e-01
8.12613e-01
8.01963e-01
8.61611e-01
6.20974e-01
8.73612e-01
7.88770e-01
8.47948e-01
9.18047e-01
8.14151e-01
9.38091e-01
9.10555e-01
8.54613e-01
6.78961e-01
7.88235e-01
7.19891e-01
8.70490e-01
9.69215e-01
8.77041e-01
7.48411e-01
8.43590e-01
8.91407e-01
8.21592e-01
9.05945e-01
8.04667e-01
9.07177e-01
8.40864e-01
8.45471e-01
7.92694e-01
9.81073e-01
7.51484e-01
8.52761e-01
8.93116e-01
9.33266e-01
8.95413e-01
8.16221e-01
8.51101e-01
7.62561e-01
9.47211e-01
8.42806e-01
8.88354e-01
8.84831e-01
8.46221e-01
7.91855e-01
8.88087e-01
8.87908e-01
9.38525e-01
7.72259e-01
8.48124e-01
8.15087e-01
8.06189e-01
8.75701e-01
8.16537e-01
8.05026e-01
8.16759e-01
8.66007e-01
7.32972e-01
6.69020e-01
8.82969e-01
9.59375e-01
8.30705e-01
8.27853e-01
7.84739e-01
8.61463e-01
9.14204e-01
7.99456e-01
9.33654e-01
8.13636e-01
8.48990e-01
8.74435e-01
8.94990e-01
6.17536e-01
7.35245e-01
8.70143e-01
7.46898e-01
8.49617e-01
9.68191e-01
8.44110e-01
8.63472e-01
8.64293e-01
8.68932e-01
7.50845e-01
8.82771e-01
8.52564e-01
7.87671e-01
8.08255e-01
9.56762e-01
8.54054e-01
7.94643e-01
8.28767e-01
7.81599e-01
8.92073e-01
8.46480e-01
8.75000e-01
8.26940e-01
8.57411e-01
8.68726e-01
8.00000e-01
8.48512e-01
8.66986e-01
7.27197e-01
9.47159e-01
9.16201e-01
6.44108e-01
8.77209e-01
9.13682e-01
9.72683e-01
8.20375e-01
7.68859e-01
8.05054e-01
7.12531e-01
6.64394e-01
8.75771e-01
8.83562e-01
8.52502e-01
8.61314e-01
9.52381e-01
9.31932e-01
8.81179e-01
8.97233e-01
9.13843e-01
8.80889e-01
8.60301e-01
8.95780e-01
8.27652e-01
7.07798e-01
9.06387e-01
9.12351e-01
8.22727e-01
8.65539e-01
9.89331e-01
8.67698e-01
8.27061e-01
9.74619e-01
7.79619e-01
9.02205e-01
8.29315e-01
8.67317e-01
7.60173e-01
8.77419e-01
9.18974e-01
8.54783e-01
6.97115e-01
8.84483e-01
8.29630e-01
9.37984e-01
8.39462e-01
9.37137e-01
8.75322e-01
8.65809e-01
8.58833e-01
9.27805e-01
8.40655e-01
8.60759e-01
8.17878e-01
8.96615e-01
8.73358e-01
7.31968e-01
8.65932e-01
8.95735e-01
8.34961e-01
8.75117e-01
8.51852e-01
9.64637e-01
7.23757e-01
7.60550e-01
7.66304e-01
8.97321e-01
8.44541e-01
8.88666e-01
8.69728e-01
8.60870e-01
9.01345e-01
9.16141e-01
8.15559e-01
8.51818e-01
9.06305e-01
7.64094e-01
8.55660e-01
8.21296e-01
8.75220e-01
9.08367e-01
8.17722e-01
8.37788e-01
8.84477e-01
8.21931e-01
9.34622e-01
8.98198e-01
8.02375e-01
7.20466e-01
6.12403e-01
8.10149e-01
8.05867e-01
8.54630e-01
8.71843e-01
7.39771e-01
8.99110e-01
8.56048e-01
8.38248e-01
7.23260e-01
8.63424e-01
8.43069e-01
9.05998e-01
8.45595e-01
8.57009e-01
9.71574e-01
9.06849e-01
7.69231e-01
9.51969e-01
7.82986e-01
7.14041e-01
8.48869e-01
7.84965e-01
8.77432e-01
9.49533e-01
8.26960e-01
9.49367e-01
8.58685e-01
9.17326e-01
8.38156e-01
7.88975e-01
8.54809e-01
9.73198e-01
8.44844e-01
9.07594e-01
7.78470e-01
9.26577e-01
8.25722e-01
8.73291e-01
8.68421e-01
9.34589e-01
8.35677e-01
8.85503e-01
8.30222e-01
7.55537e-01
8.71745e-01
9.54185e-01
9.22587e-01
8.63039e-01
6.64702e-01
8.39187e-01
7.83806e-01
8.22669e-01
9.41454e-01
8.94895e-01
7.77681e-01
9.44751e-01
8.16505e-01
6.45701e-01
8.14273e-01
8.25743e-01
8.87795e-01
8.66435e-01
8.91008e-01
8.88702e-01
9.17404e-01
7.93934e-01
7.90268e-01
8.21363e-01
7.90441e-01
7.95545e-01
9.62818e-01
7.96340e-01
9.44238e-01
9.12098e-01
9.38490e-01
8.82464e-01
8.50860e-01
8.34320e-01
8.07802e-01
7.56296e-01
8.40805e-01
7.18845e-01
8.30009e-01
8.17935e-01
8.66364e-01
8.53786e-01
7.54314e-01
7.96860e-01
9.36893e-01
9.71029e-01
9.52429e-01
8.40801e-01
8.95247e-01
7.45407e-01
7.83143e-01
7.27492e-01
8.57621e-01
8.92031e-01
9.13810e-01
8.26941e-01
8.69369e-01
9.12249e-01
9.54832e-01
7.54516e-01
9.40828e-01
7.71403e-01
7.46667e-01
8.73114e-01
8.89734e-01
8.37593e-01
8.95467e-01
7.34733e-01
8.44077e-01
7.52301e-01
8.49261e-01
7.65343e-01
9.49402e-01
8.99010e-01
8.84650e-01
8.85446e-01
7.38031e-01
7.93597e-01
8.49126e-01
8.53748e-01
7.70417e-01
8.74638e-01
8.78841e-01
8.91174e-01
8.01741e-01
7.04830e-01
7.77114e-01
7.95680e-01
9.60821e-01
8.56593e-01
8.64035e-01
8.48113e-01
8.22326e-01
8.77551e-01
8.97782e-01
5.39124e-01
7.40681e-01
6.97201e-01
8.91037e-01
8.25151e-01
8.50272e-01
7.73417e-01
8.40445e-01
8.38879e-01
8.51548e-01
8.16952e-01
8.45679e-01
7.18568e-01
7.58311e-01
8.76018e-01
9.51284e-01
8.57802e-01
9.48162e-01
8.28545e-01
8.49214e-01
7.57728e-01
6.94372e-01
7.62849e-01
7.69160e-01
8.59008e-01
7.36146e-01
8.18756e-01
8.42601e-01
8.18105e-01
8.62333e-01
8.91630e-01
8.95644e-01
9.04459e-01
8.57143e-01
9.17593e-01
8.52967e-01
8.02752e-01
9.16077e-01
6.95686e-01
8.23579e-01
9.36810e-01
5.68536e-01
8.56364e-01
8.18016e-01
7.89323e-01
8.69721e-01
7.37652e-01
9.19820e-01
8.69888e-01
7.97445e-01
7.62385e-01
9.54503e-01
8.31104e-01
8.81657e-01
8.83408e-01
7.42239e-01
8.80687e-01
8.40119e-01
9.31754e-01
8.49315e-01
9.47739e-01
7.66732e-01
8.84615e-01
8.16740e-01
6.44534e-01
8.38854e-01
9.42615e-01
8.50546e-01
8.14198e-01
7.09488e-01
8.10835e-01
8.37975e-01
7.36045e-01
8.21234e-01
8.21956e-01
8.08028e-01
8.88993e-01
8.11594e-01
7.46594e-01
8.72947e-01
8.49823e-01
9.46206e-01
8.87142e-01
8.70096e-01
7.21044e-01
8.26370e-01
8.04541e-01
8.49251e-01
8.04627e-01
8.75451e-01
8.06132e-01
8.82875e-01
9.32540e-01
7.17969e-01
6.23925e-01
8.37333e-01
8.37770e-01
8.33013e-01
8.71819e-01
8.80531e-01
8.68195e-01
9.08248e-01
9.04762e-01
9.76326e-01
7.42268e-01
8.75962e-01
9.66085e-01
8.63256e-01
8.12197e-01
6.65873e-01
7.51152e-01
9.01639e-01
8.15591e-01
8.32264e-01
8.80074e-01
9.00086e-01
6.71107e-01
8.96522e-01
8.85216e-01
8.97630e-01
9.13084e-01
9.69668e-01
9.52187e-01
8.38574e-01
8.13155e-01
8.12616e-01
8.56176e-01
9.33392e-01
7.32607e-01
9.64248e-01
9.27699e-01
9.12966e-01
9.13119e-01
8.32571e-01
9.55801e-01
8.36222e-01
8.07260e-01
8.95201e-01
9.51883e-01
9.27412e-01
8.43439e-01
8.32611e-01
9.41463e-01
9.63783e-01
9.24651e-01
8.85714e-01
8.46288e-01
8.97087e-01
6.03937e-01
9.21154e-01
9.57627e-01
8.74009e-01
8.59504e-01
9.39922e-01
7.56567e-01
8.93827e-01
8.63813e-01
8.66164e-01
9.89163e-01
6.95230e-01
8.25355e-01
8.60939e-01
8.89529e-01
8.70787e-01
8.67173e-01
7.41563e-01
9.22190e-01
9.60970e-01
9.90167e-01
9.56219e-01
8.84581e-01
8.99489e-01
6.02554e-01
8.85837e-01
8.96429e-01
8.14509e-01
9.33687e-01
8.18618e-01
8.28448e-01
9.51510e-01
9.03035e-01
9.45219e-01
8.53765e-01
8.01937e-01
9.14587e-01
9.77665e-01
9.64840e-01
8.22994e-01
9.59009e-01
9.05790e-01
9.19584e-01
8.45455e-01
8.75706e-01
9.55375e-01
7.76364e-01
9.03904e-01
9.74232e-01
9.69667e-01
9.21275e-01
6.57277e-01
9.34687e-01
9.66698e-01
8.08587e-01
8.66667e-01
7.29342e-01
9.48381e-01
9.35721e-01
9.67273e-01
9.57143e-01
6.77966e-01
9.31590e-01
9.17683e-01
9.73282e-01
7.29940e-01
8.98999e-01
8.98867e-01
8.56640e-01
9.58206e-01
8.65332e-01
9.21244e-01
8.49199e-01
9.25359e-01
8.10573e-01
8.48252e-01
9.08635e-01
8.85149e-01
9.06904e-01
9.43925e-01
8.12675e-01
9.10062e-01
7.94045e-01
8.47474e-01
7.41409e-01
7.72450e-01
8.81998e-01
9.81992e-01
9.21529e-01
9.25628e-01
9.52284e-01
8.30084e-01
8.71190e-01
9.02463e-01
9.02334e-01
8.94449e-01
7.33577e-01
8.93777e-01
8.37165e-01
9.47746e-01
8.76520e-01
8.11270e-01
9.04627e-01
8.69058e-01
8.02426e-01
8.05400e-01
9.48815e-01
7.29933e-01
9.44041e-01
9.64977e-01
8.84157e-01
9.63731e-01
8.67458e-01
9.05419e-01
9.27574e-01
9.35771e-01
9.56978e-01
9.23885e-01
6.03701e-01
8.92294e-01
7.88097e-01
8.83871e-01
9.09621e-01
8.78182e-01
9.46768e-01
9.53560e-01
8.63271e-01
8.64730e-01
9.31535e-01
9.24546e-01
9.38656e-01
9.58812e-01
8.99905e-01
9.48885e-01
8.46722e-01
8.16779e-01
8.81926e-01
8.64769e-01
9.63221e-01
8.51679e-01
9.30584e-01
9.74187e-01
7.95768e-01
9.00247e-01
8.18261e-01
8.56459e-01
9.23278e-01
9.62578e-01
6.95141e-01
8.60308e-01
9.67167e-01
7.36111e-01
9.54851e-01
9.65347e-01
8.95604e-01
7.74355e-01
9.28765e-01
7.83865e-01
9.17647e-01
9.42270e-01
9.31455e-01
6.03347e-01
9.50820e-01
8.56518e-01
7.93256e-01
9.71058e-01
9.38841e-01
8.80143e-01
8.62934e-01
7.44663e-01
8.41584e-01
8.49228e-01
9.13491e-01
9.35419e-01
9.36744e-01
9.58250e-01
9.31480e-01
9.55600e-01
9.42125e-01
8.02416e-01
7.18076e-01
9.14744e-01
9.55727e-01
6.79694e-01
9.14568e-01
6.36076e-01
9.15428e-01
8.20772e-01
7.56873e-01
9.30783e-01
9.66394e-01
8.56881e-01
7.38793e-01
9.38588e-01
8.52000e-01
7.55137e-01
8.83061e-01
8.34739e-01
9.14701e-01
8.79668e-01
8.63372e-01
9.64859e-01
9.28715e-01
9.22680e-01
9.40510e-01
9.73633e-01
9.13452e-01
9.50048e-01
8.81517e-01
9.54922e-01
7.82573e-01
9.44389e-01
8.59312e-01
7.32794e-01
8.13559e-01
7.41681e-01
9.53964e-01
8.00518e-01
7.28148e-01
9.38322e-01
7.44890e-01
9.19024e-01
9.54325e-01
9.62037e-01
9.12055e-01
9.47988e-01
8.59649e-01
8.85214e-01
9.06012e-01
9.32367e-01
8.58856e-01
9.51456e-01
8.58524e-01
8.22183e-01
7.73956e-01
7.83987e-01
9.26784e-01
6.16396e-01
9.22760e-01
8.98711e-01
9.11065e-01
8.03774e-01
8.94277e-01
9.13547e-01
8.51459e-01
9.20302e-01
8.61084e-01
8.16523e-01
5.34722e-01
9.44719e-01
8.25397e-01
8.60793e-01
9.18208e-01
9.13201e-01
8.82507e-01
9.16296e-01
9.62644e-01
8.10103e-01
8.66981e-01
8.46890e-01
6.31877e-01
8.90595e-01
8.69261e-01
9.62963e-01
9.82092e-01
9.32282e-01
9.73320e-01
5.51394e-01
7.52558e-01
6.65844e-01
9.07498e-01
8.70968e-01
9.43415e-01
9.41929e-01
8.72401e-01
9.45629e-01
9.23077e-01
9.55078e-01
8.54749e-01
7.50000e-01
8.89649e-01
7.74373e-01
9.07946e-01
7.98635e-01
6.03960e-01
9.66757e-01
7.73920e-01
9.34579e-01
9.49355e-01
7.71639e-01
9.52941e-01
9.30902e-01
9.11504e-01
7.83210e-01
9.47741e-01
6.15764e-01
8.99360e-01
9.00742e-01
8.50139e-01
9.07869e-01
9.18866e-01
9.55579e-01
8.58624e-01
9.51786e-01
9.63761e-01
9.09538e-01
9.35266e-01
9.32781e-01
9.71668e-01
9.55239e-01
9.01130e-01
8.56713e-01
8.52888e-01
9.26456e-01
8.01903e-01
9.41558e-01
8.93451e-01
8.37766e-01
8.39483e-01
7.09705e-01
6.66970e-01
6.32411e-01
9.32068e-01
8.28520e-01
9.61094e-01
9.43170e-01
7.65974e-01
8.83929e-01
9.39664e-01
8.91386e-01
5.25910e-01
9.76931e-01
8.38123e-01
9.57038e-01
8.97321e-01
9.66205e-01
9.62709e-01
9.09472e-01
7.78754e-01
9.64444e-01
7.68638e-01
9.36461e-01
7.93543e-01
9.07391e-01
7.11966e-01
9.28502e-01
9.25026e-01
9.40520e-01
7.68404e-01
9.45817e-01
8.68352e-01
8.66667e-01
9.50144e-01
8.60812e-01
9.46237e-01
9.27007e-01
9.42478e-01
9.18498e-01
9.23698e-01
6.63102e-01
8.89115e-01
5.97153e-01
8.61190e-01
9.72693e-01
7.25893e-01
8.83268e-01
8.58209e-01
8.80071e-01
8.83350e-01
9.42831e-01
8.27937e-01
8.82075e-01
9.52381e-01
7.13592e-01
8.66155e-01
9.30762e-01
8.75442e-01
9.37113e-01
7.39875e-01
7.63269e-01
8.81250e-01
9.16117e-01
9.60000e-01
9.67831e-01
8.98510e-01
6.81385e-01
9.51613e-01
8.83128e-01
6.38119e-01
9.47748e-01
9.57384e-01
9.62099e-01
9.38621e-01
9.41547e-01
9.28906e-01
8.55556e-01
8.27526e-01
8.63090e-01
7.75457e-01
8.49550e-01
9.28839e-01
6.43225e-01
8.79377e-01
9.34320e-01
9.10323e-01
8.87792e-01
9.64486e-01
9.43649e-01
9.26804e-01
9.80132e-01
8.84483e-01
4.98251e-01
7.11165e-01
9.64995e-01
8.98674e-01
9.55981e-01
7.94674e-01
9.53140e-01
8.31107e-01
9.16016e-01
9.54178e-01
8.92293e-01
9.80488e-01
9.14168e-01
9.30792e-01
9.44719e-01
8.66184e-01
6.61832e-01
6.32743e-01
8.48457e-01
9.78644e-01
7.09787e-01
8.64662e-01
8.82206e-01
9.49203e-01
7.18133e-01
8.53386e-01
9.59357e-01
9.49000e-01
7.72955e-01
9.24953e-01
7.75987e-01
8.94886e-01
9.05917e-01
8.89980e-01
7.70799e-01
9.52187e-01
7.00433e-01
9.35614e-01
6.88300e-01
9.27054e-01
5.50000e-01
9.48444e-01
6.95492e-01
8.52182e-01
9.61572e-01
9.04858e-01
9.13122e-01
9.50429e-01
9.28571e-01
9.29167e-01
9.44444e-01
7.63201e-01
9.21765e-01
9.14428e-01
7.94983e-01
8.86026e-01
8.17038e-01
8.16609e-01
9.01109e-01
9.63184e-01
8.56540e-01
6.84078e-01
8.26990e-01
8.59908e-01
8.53846e-01
8.14299e-01
7.88967e-01
7.83260e-01
7.85650e-01
9.40465e-01
9.44668e-01
8.66409e-01
7.59354e-01
7.60714e-01
7.77052e-01
9.37220e-01
8.71252e-01
8.80275e-01
8.00000e-01
9.13452e-01
8.61848e-01
8.27939e-01
8.43066e-01
9.17046e-01
8.48616e-01
8.83542e-01
8.39590e-01
7.24809e-01
7.79275e-01
8.55888e-01
7.88018e-01
8.29932e-01
5.47522e-01
9.23933e-01
7.68966e-01
8.19409e-01
9.75799e-01
8.45631e-01
7.97500e-01
8.53637e-01
9.44604e-01
8.08115e-01
8.50141e-01
9.00742e-01
8.72674e-01
8.29845e-01
7.95047e-01
8.57613e-01
7.79177e-01
9.00210e-01
8.61217e-01
7.64107e-01
8.14982e-01
6.75676e-01
8.69772e-01
5.83456e-01
8.82152e-01
7.23661e-01
8.68224e-01
9.11227e-01
8.58108e-01
9.26850e-01
9.09414e-01
8.44940e-01
6.45215e-01
7.89249e-01
7.81451e-01
8.59129e-01
9.58621e-01
7.83256e-01
8.06122e-01
8.67811e-01
8.33645e-01
8.26531e-01
8.89965e-01
8.16681e-01
8.68321e-01
7.93269e-01
8.33628e-01
7.73991e-01
9.86330e-01
8.14273e-01
8.14273e-01
8.92889e-01
9.34277e-01
9.13327e-01
7.40196e-01
8.61825e-01
8.00330e-01
9.37751e-01
8.62131e-01
8.58238e-01
9.04673e-01
8.67077e-01
7.83929e-01
8.90794e-01
8.75989e-01
9.41176e-01
7.79113e-01
8.48124e-01
7.48925e-01
7.99203e-01
8.92453e-01
8.50484e-01
8.52212e-01
8.71470e-01
8.79638e-01
7.56672e-01
6.82927e-01
8.79079e-01
9.17933e-01
8.23191e-01
7.92413e-01
7.66429e-01
8.72816e-01
8.78417e-01
8.14016e-01
9.70443e-01
8.10517e-01
8.46696e-01
8.95255e-01
9.10419e-01
7.39442e-01
7.27801e-01
8.75890e-01
7.20552e-01
8.31232e-01
9.59325e-01
8.43384e-01
8.30036e-01
8.06361e-01
8.50760e-01
8.37838e-01
8.47018e-01
8.48732e-01
7.96217e-01
7.96422e-01
9.45155e-01
7.95671e-01
7.92619e-01
8.08838e-01
8.30271e-01
8.95636e-01
8.62745e-01
8.46570e-01
8.33925e-01
8.12030e-01
8.72955e-01
7.35786e-01
8.42717e-01
8.79227e-01
6.99918e-01
9.67611e-01
9.18519e-01
6.16139e-01
8.51989e-01
8.91133e-01
9.68811e-01
8.38129e-01
7.22538e-01
8.25411e-01
7.77585e-01
6.10132e-01
8.89283e-01
9.14343e-01
9.06278e-01
8.83677e-01
9.63796e-01
9.11243e-01
8.35974e-01
8.32677e-01
8.66910e-01
8.82143e-01
8.44564e-01
9.22145e-01
8.58398e-01
6.82620e-01
9.00437e-01
9.18511e-01
8.43525e-01
8.57396e-01
9.87415e-01
8.89177e-01
8.28470e-01
9.68844e-01
7.94486e-01
8.83588e-01
8.20853e-01
8.53140e-01
7.15353e-01
8.65820e-01
9.08998e-01
8.50263e-01
7.19074e-01
8.97148e-01
8.68011e-01
9.29672e-01
8.20922e-01
9.47776e-01
8.50340e-01
8.75691e-01
8.80789e-01
9.17715e-01
8.40444e-01
8.49644e-01
8.24916e-01
8.74317e-01
8.78873e-01
6.64401e-01
8.42200e-01
8.57270e-01
8.82648e-01
8.74647e-01
8.08728e-01
9.61614e-01
7.38208e-01
7.62212e-01
7.91179e-01
8.89381e-01
8.44541e-01
7.65640e-01
8.56494e-01
8.85102e-01
9.02309e-01
9.25892e-01
8.28970e-01
8.73239e-01
9.09408e-01
8.17944e-01
8.47170e-01
7.95225e-01
8.47826e-01
9.12706e-01
8.45563e-01
8.40513e-01
8.93789e-01
7.76065e-01
9.35125e-01
9.04762e-01
7.73067e-01
7.44167e-01
7.00000e-01
8.63841e-01
8.51269e-01
8.64486e-01
9.03318e-01
7.18975e-01
8.81373e-01
8.07209e-01
8.38739e-01
8.06940e-01
8.70229e-01
8.56522e-01
8.94086e-01
8.12278e-01
8.15118e-01
9.70618e-01
8.99267e-01
6.38418e-01
9.61165e-01
7.75510e-01
7.67135e-01
8.55596e-01
8.15044e-01
8.75977e-01
9.56157e-01
8.73767e-01
9.53443e-01
8.72890e-01
9.06087e-01
8.28265e-01
8.00514e-01
8.54927e-01
9.77778e-01
7.28007e-01
9.35484e-01
7.38075e-01
9.20863e-01
8.40525e-01
8.08772e-01
9.06977e-01
9.08193e-01
8.52890e-01
8.80365e-01
7.98605e-01
7.23077e-01
8.35431e-01
9.31338e-01
9.26335e-01
8.82181e-01
6.54753e-01
8.32571e-01
7.02326e-01
7.93636e-01
9.29991e-01
9.15493e-01
7.55764e-01
9.68165e-01
7.95837e-01
7.03583e-01
8.04525e-01
8.28008e-01
8.90944e-01
8.84146e-01
8.56506e-01
8.50123e-01
9.13340e-01
7.75420e-01
7.96782e-01
8.38889e-01
7.51773e-01
7.87284e-01
9.61988e-01
7.91139e-01
9.61754e-01
9.15112e-01
9.57707e-01
8.72180e-01
8.68069e-01
8.42418e-01
7.84774e-01
7.52846e-01
8.26923e-01
6.82493e-01
8.37656e-01
7.86667e-01
9.06481e-01
8.58639e-01
7.24901e-01
7.85164e-01
8.85768e-01
9.65000e-01
9.48065e-01
8.60019e-01
8.81066e-01
7.45470e-01
7.76896e-01
7.62440e-01
8.26303e-01
8.82003e-01
9.00585e-01
7.94118e-01
9.01200e-01
8.92112e-01
9.16405e-01
7.02012e-01
9.45706e-01
7.83523e-01
8.55848e-01
8.32456e-01
8.60465e-01
8.61204e-01
8.88372e-01
8.16047e-01
8.43018e-01
7.84563e-01
8.53877e-01
7.71454e-01
9.41659e-01
8.54167e-01
8.67374e-01
8.92958e-01
6.83888e-01
7.97005e-01
8.11072e-01
8.28571e-01
8.05302e-01
8.12849e-01
8.75108e-01
8.31255e-01
8.23824e-01
7.09170e-01
8.02245e-01
7.58383e-01
9.53747e-01
8.79566e-01
8.73803e-01
8.17006e-01
8.16307e-01
8.48747e-01
8.76426e-01
5.67629e-01
7.85306e-01
7.43794e-01
8.88303e-01
8.20624e-01
8.62352e-01
7.26549e-01
8.48826e-01
8.60053e-01
8.89934e-01
8.12950e-01
8.29585e-01
6.97749e-01
7.46655e-01
8.58559e-01
9.46256e-01
8.36215e-01
9.44972e-01
8.37361e-01
8.72125e-01
7.76423e-01
6.96996e-01
7.43521e-01
8.25603e-01
8.64983e-01
7.22586e-01
8.12950e-01
8.85277e-01
8.36348e-01
8.58925e-01
8.95944e-01
8.71143e-01
8.89800e-01
7.94068e-01
9.15982e-01
8.92502e-01
8.63027e-01
9.30754e-01
7.20912e-01
7.89692e-01
9.25852e-01
5.99045e-01
8.57654e-01
7.95900e-01
8.02899e-01
8.73418e-01
7.72801e-01
8.81295e-01
8.69728e-01
8.27778e-01
8.56522e-01
9.53661e-01
8.54530e-01
8.82583e-01
7.85408e-01
7.24011e-01
8.82504e-01
8.62487e-01
9.47166e-01
8.69605e-01
9.48589e-01
8.26002e-01
8.60037e-01
7.88010e-01
6.10442e-01
7.86201e-01
9.43343e-01
8.44332e-01
8.63388e-01
7.85473e-01
8.53021e-01
8.25397e-01
7.27987e-01
7.89753e-01
8.26248e-01
8.35509e-01
8.85110e-01
8.12500e-01
7.46594e-01
8.39496e-01
8.43257e-01
9.22115e-01
8.65189e-01
8.87324e-01
6.89793e-01
8.11647e-01
8.21811e-01
8.37037e-01
8.38196e-01
7.99145e-01
8.65998e-01
8.53744e-01
9.29204e-01
6.90063e-01
6.88716e-01
8.47610e-01
8.25658e-01
8.32703e-01
8.61811e-01
8.97188e-01
8.55932e-01
9.15129e-01
8.82301e-01
9.60076e-01
7.39090e-01
8.76076e-01
9.77821e-01
8.95677e-01
8.28516e-01
7.00405e-01
7.74164e-01
8.30309e-01
8.83016e-01
8.51953e-01
8.94881e-01
8.74788e-01
8.23586e-01
8.95690e-01
8.60612e-01
8.82917e-01
8.39091e-01
9.64049e-01
9.47315e-01
8.39212e-01
8.52427e-01
7.99458e-01
9.81168e-01
9.18943e-01
7.50638e-01
9.58774e-01
9.27254e-01
9.21076e-01
8.94783e-01
8.35902e-01
9.69416e-01
8.11705e-01
8.87170e-01
8.87685e-01
9.41909e-01
9.51056e-01
8.91791e-01
8.49220e-01
9.24658e-01
9.04483e-01
9.33211e-01
8.68093e-01
8.56759e-01
8.71060e-01
7.24280e-01
9.51784e-01
9.65094e-01
8.88293e-01
8.12886e-01
9.43324e-01
8.30431e-01
8.83074e-01
9.05419e-01
8.88994e-01
9.87242e-01
7.75527e-01
8.31250e-01
9.16589e-01
9.18065e-01
9.03864e-01
8.57944e-01
7.55575e-01
9.35707e-01
9.78655e-01
9.80564e-01
9.45545e-01
8.35884e-01
8.98601e-01
6.22035e-01
8.92857e-01
9.28638e-01
8.12790e-01
9.42274e-01
8.57283e-01
8.78603e-01
9.61397e-01
9.36675e-01
9.49444e-01
8.89982e-01
8.79374e-01
8.77870e-01
9.78659e-01
9.53157e-01
8.08752e-01
9.30906e-01
9.46588e-01
9.42164e-01
8.44004e-01
9.15480e-01
9.12612e-01
8.90944e-01
8.94634e-01
9.65347e-01
9.58374e-01
9.53922e-01
5.53952e-01
9.30790e-01
9.69473e-01
8.28054e-01
8.87324e-01
6.84341e-01
9.38856e-01
9.27644e-01
9.74615e-01
9.28715e-01
6.26645e-01
9.42970e-01
9.45066e-01
9.54674e-01
7.34308e-01
8.92237e-01
8.66379e-01
8.35616e-01
9.45565e-01
9.02235e-01
9.05870e-01
9.08555e-01
9.27396e-01
8.99618e-01
8.49200e-01
8.92751e-01
9.01902e-01
9.46429e-01
9.47040e-01
8.29848e-01
8.51724e-01
7.72329e-01
9.20714e-01
7.67686e-01
7.50000e-01
8.48048e-01
9.57850e-01
9.58805e-01
9.15000e-01
9.62551e-01
8.22303e-01
8.30244e-01
9.05045e-01
8.80546e-01
9.03315e-01
8.54369e-01
9.26203e-01
8.35539e-01
9.33809e-01
9.28230e-01
7.96507e-01
8.82298e-01
8.57661e-01
7.37664e-01
7.69871e-01
9.58055e-01
7.47656e-01
9.29158e-01
9.62316e-01
9.05004e-01
9.49898e-01
8.74008e-01
9.34263e-01
8.09643e-01
9.34185e-01
9.78791e-01
9.25569e-01
6.14833e-01
9.19427e-01
8.77209e-01
7.56119e-01
9.04995e-01
8.33778e-01
9.49758e-01
9.32990e-01
9.18969e-01
8.55974e-01
9.41983e-01
9.30210e-01
9.49515e-01
8.93019e-01
9.04532e-01
9.74813e-01
8.93926e-01
8.50440e-01
8.76838e-01
7.71914e-01
9.49455e-01
9.18049e-01
9.20443e-01
9.74408e-01
7.96756e-01
9.30233e-01
9.00091e-01
9.40783e-01
9.37883e-01
9.59016e-01
7.43893e-01
8.61493e-01
9.70782e-01
8.25796e-01
9.51659e-01
9.84048e-01
7.77778e-01
7.79167e-01
9.77444e-01
7.21747e-01
8.73429e-01
9.67677e-01
9.42453e-01
4.83965e-01
9.60375e-01
9.04509e-01
7.89901e-01
9.64356e-01
9.34899e-01
8.45009e-01
8.46154e-01
7.33561e-01
9.01473e-01
8.30948e-01
8.95812e-01
8.91262e-01
9.19927e-01
9.70179e-01
9.54591e-01
9.52429e-01
9.72868e-01
8.65778e-01
7.36537e-01
8.84000e-01
9.50334e-01
7.70781e-01
9.49275e-01
8.14495e-01
8.68633e-01
8.67593e-01
8.58209e-01
8.89373e-01
9.62162e-01
7.59358e-01
7.33681e-01
9.50000e-01
9.07676e-01
7.83174e-01
8.89876e-01
8.83993e-01
9.02816e-01
8.12561e-01
7.93167e-01
9.56436e-01
9.36128e-01
9.10031e-01
9.77626e-01
9.62355e-01
9.40057e-01
9.44497e-01
8.80611e-01
9.48998e-01
8.17104e-01
9.25532e-01
9.41767e-01
6.67966e-01
8.13600e-01
7.21811e-01
9.54970e-01
8.68696e-01
8.32891e-01
9.31841e-01
7.94692e-01
9.29773e-01
9.58498e-01
9.55390e-01
9.52048e-01
9.56349e-01
8.33641e-01
8.90398e-01
8.82943e-01
9.73241e-01
8.73477e-01
9.46757e-01
8.23425e-01
7.86655e-01
7.37008e-01
8.01008e-01
9.37442e-01
6.41966e-01
9.24258e-01
9.12594e-01
9.18534e-01
6.36656e-01
9.04348e-01
9.01396e-01
8.73141e-01
9.27013e-01
9.37374e-01
8.84729e-01
4.75323e-01
9.57635e-01
8.29616e-01
8.77515e-01
8.96154e-01
8.59586e-01
8.83621e-01
8.21097e-01
8.92593e-01
8.32381e-01
8.23529e-01
8.37390e-01
5.99257e-01
8.78701e-01
8.71845e-01
9.56296e-01
9.64151e-01
8.85141e-01
9.53533e-01
5.12879e-01
7.61208e-01
7.92825e-01
9.45674e-01
8.38412e-01
9.52941e-01
8.69167e-01
9.10766e-01
8.53147e-01
9.33754e-01
9.57031e-01
8.95833e-01
7.48777e-01
8.84319e-01
7.68802e-01
8.94482e-01
7.53076e-01
8.04708e-01
9.70988e-01
7.41117e-01
8.70968e-01
9.09589e-01
7.07904e-01
9.51264e-01
8.84018e-01
9.23838e-01
9.33333e-01
9.50271e-01
5.84119e-01
8.85636e-01
9.12067e-01
7.97814e-01
8.67166e-01
9.76000e-01
9.45078e-01
8.25252e-01
9.59496e-01
9.64427e-01
9.39919e-01
9.36660e-01
9.35814e-01
9.70619e-01
9.09971e-01
8.61314e-01
9.40000e-01
8.81760e-01
9.26531e-01
9.02347e-01
9.52202e-01
9.09183e-01
8.30631e-01
7.17995e-01
6.56051e-01
6.62113e-01
6.49922e-01
9.44785e-01
8.20789e-01
9.54071e-01
9.55401e-01
7.65550e-01
8.90610e-01
9.32087e-01
8.94688e-01
5.29787e-01
9.73214e-01
7.85448e-01
9.51062e-01
9.24712e-01
9.65487e-01
9.73214e-01
9.08634e-01
8.86109e-01
9.68750e-01
8.33028e-01
8.97187e-01
6.22481e-01
9.61860e-01
7.27589e-01
9.21698e-01
9.51681e-01
9.58178e-01
7.63547e-01
9.36433e-01
8.39485e-01
8.52861e-01
9.45205e-01
8.73693e-01
9.37008e-01
9.19964e-01
9.50134e-01
9.42042e-01
9.45722e-01
6.92771e-01
8.78636e-01
5.92852e-01
8.52198e-01
9.63721e-01
7.88618e-01
9.07571e-01
8.46009e-01
9.30403e-01
9.46083e-01
9.18677e-01
9.07425e-01
9.04718e-01
9.29171e-01
6.81891e-01
8.94281e-01
9.27550e-01
9.05882e-01
9.31959e-01
6.97248e-01
8.00881e-01
8.17158e-01
9.09424e-01
9.57234e-01
9.28444e-01
9.18715e-01
7.41722e-01
9.64718e-01
8.60364e-01
6.26289e-01
9.23630e-01
9.38656e-01
9.62927e-01
8.81651e-01
9.43294e-01
9.24581e-01
9.24457e-01
8.48539e-01
8.36976e-01
8.25023e-01
8.33938e-01
8.84298e-01
8.38235e-01
9.24720e-01
9.10256e-01
9.20335e-01
9.15298e-01
9.71751e-01
9.59532e-01
9.06250e-01
9.76348e-01
8.64421e-01
5.30270e-01
7.69682e-01
9.60637e-01
8.92756e-01
9.27358e-01
8.95717e-01
9.70672e-01
7.91099e-01
9.12297e-01
9.51786e-01
8.91544e-01
9.77735e-01
9.27292e-01
9.23848e-01
9.64036e-01
7.92715e-01
7.43506e-01
6.71744e-01
7.72688e-01
9.81308e-01
6.80000e-01
8.30999e-01
8.19936e-01
9.33532e-01
7.21925e-01
8.61362e-01
9.45540e-01
9.34055e-01
9.27290e-01
9.11846e-01
8.38417e-01
8.65820e-01
9.26074e-01
9.33668e-01
8.58491e-01
9.26039e-01
8.11286e-01
9.06468e-01
6.17113e-01
9.29603e-01
6.54167e-01
9.50540e-01
6.65455e-01
9.00644e-01
9.56904e-01
7.84615e-01
9.02330e-01
9.58969e-01
8.85741e-01
9.42529e-01
9.52000e-01
8.30380e-01
9.07830e-01
9.24805e-01
7.87695e-01
8.89432e-01
8.30280e-01
8.28521e-01
9.57774e-01
9.68718e-01
8.40167e-01
7.67340e-01
7.78626e-01
8.65295e-01
8.66033e-01
7.98932e-01
7.85525e-01
8.72458e-01
7.20696e-01
9.48885e-01
9.44668e-01
8.77571e-01
8.17453e-01
7.54322e-01
8.56725e-01
9.47464e-01
8.56007e-01
8.88126e-01
8.11111e-01
8.90566e-01
8.59586e-01
8.37931e-01
8.90100e-01
9.01357e-01
8.65789e-01
8.71845e-01
8.60967e-01
6.53344e-01
7.11719e-01
8.63026e-01
7.87763e-01
8.00338e-01
7.17449e-01
9.25682e-01
7.93073e-01
8.61160e-01
9.85352e-01
9.32528e-01
8.10084e-01
7.90678e-01
9.33270e-01
8.25976e-01
8.50746e-01
8.86343e-01
8.71845e-01
8.97436e-01
7.94604e-01
8.12500e-01
7.03410e-01
8.90205e-01
8.56068e-01
7.91115e-01
8.01431e-01
7.10304e-01
7.93796e-01
6.16376e-01
9.05180e-01
7.91444e-01
8.46225e-01
9.24845e-01
8.37209e-01
9.74672e-01
9.01168e-01
8.39815e-01
6.40264e-01
9.54672e-01
7.64650e-01
8.54185e-01
9.79940e-01
8.18350e-01
7.66877e-01
8.42553e-01
7.94991e-01
7.81445e-01
8.60870e-01
8.31683e-01
8.76543e-01
8.30097e-01
8.16379e-01
7.94872e-01
9.71074e-01
8.02275e-01
7.67031e-01
8.99457e-01
9.59225e-01
9.31584e-01
8.25744e-01
8.49089e-01
8.06452e-01
9.52716e-01
8.68561e-01
8.58365e-01
8.45528e-01
8.76224e-01
8.01085e-01
8.23325e-01
8.87324e-01
8.86432e-01
7.94659e-01
8.48148e-01
7.51489e-01
8.20280e-01
9.04489e-01
8.67257e-01
8.22454e-01
8.57008e-01
8.75788e-01
7.74861e-01
7.22131e-01
8.69850e-01
9.36722e-01
8.73836e-01
7.71694e-01
6.88958e-01
8.52174e-01
8.74766e-01
8.20370e-01
9.80276e-01
7.57092e-01
7.56485e-01
9.03743e-01
8.99135e-01
7.12372e-01
7.33389e-01
8.65347e-01
7.32245e-01
7.93922e-01
9.55752e-01
7.79110e-01
8.29787e-01
8.54947e-01
8.64245e-01
8.44843e-01
8.73573e-01
9.06339e-01
7.74527e-01
8.59474e-01
9.38406e-01
8.46154e-01
7.47615e-01
7.57380e-01
8.17789e-01
9.10920e-01
8.10606e-01
9.01109e-01
7.73160e-01
9.15861e-01
8.72692e-01
8.19224e-01
8.19876e-01
8.52349e-01
6.90083e-01
9.42100e-01
9.24440e-01
6.76519e-01
8.80975e-01
7.52525e-01
9.60039e-01
8.19982e-01
8.14706e-01
8.35165e-01
7.06407e-01
6.73252e-01
8.97849e-01
8.77451e-01
8.74776e-01
8.88363e-01
9.57652e-01
8.99309e-01
8.72605e-01
8.97738e-01
9.15466e-01
8.41048e-01
8.91940e-01
8.78632e-01
7.82087e-01
6.93844e-01
9.24017e-01
9.07389e-01
8.76364e-01
8.37622e-01
9.88372e-01
8.91286e-01
8.19395e-01
9.59391e-01
8.05648e-01
8.74644e-01
8.17664e-01
8.27947e-01
7.46358e-01
8.81919e-01
9.07407e-01
8.77922e-01
8.22774e-01
8.58003e-01
8.48206e-01
8.87939e-01
8.52967e-01
9.62246e-01
8.23529e-01
8.43580e-01
8.64061e-01
9.00097e-01
7.86012e-01
8.96520e-01
8.15723e-01
8.88686e-01
8.74307e-01
7.86630e-01
8.07930e-01
9.01395e-01
8.71190e-01
8.71963e-01
8.58425e-01
9.57884e-01
7.40157e-01
7.83985e-01
8.07381e-01
8.97596e-01
8.17308e-01
8.95730e-01
8.53383e-01
8.68522e-01
9.01179e-01
9.49588e-01
8.22638e-01
8.34775e-01
9.19791e-01
7.67918e-01
8.56872e-01
7.56684e-01
8.74567e-01
8.70461e-01
8.09008e-01
8.63256e-01
9.19963e-01
8.07083e-01
9.36052e-01
8.27320e-01
7.94915e-01
7.32773e-01
7.13816e-01
8.36168e-01
8.54204e-01
8.48289e-01
8.52778e-01
7.30032e-01
8.74636e-01
8.76843e-01
8.45943e-01
7.51077e-01
8.67925e-01
8.44021e-01
8.75439e-01
8.25581e-01
8.09091e-01
9.72837e-01
8.54610e-01
7.20067e-01
9.60653e-01
7.66844e-01
8.11009e-01
8.36022e-01
6.97143e-01
8.56455e-01
9.59925e-01
8.54065e-01
9.41346e-01
8.74876e-01
9.28382e-01
7.75022e-01
8.29656e-01
8.18428e-01
9.79516e-01
7.75492e-01
9.18423e-01
7.89336e-01
9.62264e-01
8.56876e-01
8.76018e-01
8.85820e-01
7.81136e-01
8.73087e-01
9.07664e-01
8.40463e-01
7.53769e-01
8.29808e-01
9.16958e-01
9.64185e-01
8.83382e-01
6.72321e-01
8.83365e-01
6.60434e-01
8.15188e-01
9.34803e-01
8.35341e-01
7.57290e-01
9.34126e-01
7.79453e-01
6.48281e-01
8.04133e-01
8.30653e-01
8.66602e-01
9.00088e-01
8.56128e-01
8.57613e-01
9.03101e-01
8.05877e-01
7.81696e-01
8.31637e-01
7.09075e-01
7.67167e-01
9.69458e-01
8.09148e-01
9.67472e-01
8.94107e-01
9.41667e-01
7.78179e-01
8.57279e-01
8.70051e-01
7.60075e-01
7.58039e-01
8.60617e-01
7.10769e-01
8.43874e-01
7.76492e-01
8.58559e-01
8.68750e-01
6.81423e-01
7.30038e-01
9.10577e-01
9.61847e-01
9.53488e-01
8.53751e-01
9.00097e-01
7.28099e-01
8.00178e-01
7.28676e-01
7.78051e-01
8.78425e-01
9.42688e-01
7.85211e-01
8.53503e-01
9.25000e-01
9.61824e-01
7.36800e-01
9.39689e-01
7.70390e-01
8.09831e-01
8.75223e-01
7.95434e-01
7.56349e-01
8.95184e-01
8.00200e-01
8.25572e-01
6.94644e-01
8.78728e-01
8.27937e-01
9.50880e-01
8.59545e-01
8.53486e-01
8.80863e-01
7.78908e-01
8.47826e-01
8.23956e-01
8.71324e-01
8.40675e-01
8.07873e-01
9.00089e-01
7.95885e-01
8.23645e-01
7.19534e-01
7.91019e-01
8.58541e-01
9.65388e-01
8.97410e-01
8.68996e-01
8.66285e-01
7.90441e-01
8.88093e-01
9.14729e-01
5.84105e-01
8.15723e-01
7.40905e-01
8.62832e-01
8.32903e-01
8.70201e-01
7.36050e-01
8.59682e-01
8.88688e-01
8.78049e-01
8.65314e-01
8.36681e-01
7.06811e-01
7.17949e-01
8.76825e-01
9.57257e-01
8.76138e-01
9.53979e-01
8.35466e-01
8.43693e-01
7.61047e-01
6.84966e-01
7.61949e-01
8.25926e-01
8.87826e-01
8.01573e-01
8.49162e-01
8.46369e-01
7.78798e-01
7.98493e-01
9.01495e-01
9.00999e-01
8.89096e-01
8.68190e-01
9.44649e-01
8.77808e-01
8.43511e-01
9.02778e-01
7.58278e-01
7.43464e-01
9.02750e-01
6.57143e-01
8.89192e-01
8.04428e-01
8.03360e-01
8.13751e-01
7.05314e-01
9.39560e-01
8.66604e-01
8.10836e-01
8.72114e-01
9.51538e-01
8.59766e-01
8.85294e-01
8.21739e-01
8.11538e-01
8.65093e-01
8.67409e-01
9.56772e-01
8.37355e-01
9.47368e-01
7.52336e-01
8.74074e-01
8.38884e-01
6.02740e-01
7.90070e-01
9.44392e-01
8.36243e-01
8.68132e-01
7.14751e-01
8.81810e-01
7.36013e-01
7.59545e-01
6.88525e-01
8.05147e-01
7.33990e-01
9.12548e-01
7.84141e-01
6.77336e-01
8.74893e-01
8.55634e-01
9.26386e-01
8.79852e-01
8.85289e-01
7.21377e-01
8.15570e-01
8.25397e-01
8.17431e-01
9.05018e-01
8.60404e-01
8.54662e-01
8.29352e-01
9.31069e-01
6.28284e-01
6.44120e-01
8.53072e-01
7.89814e-01
8.34291e-01
8.54262e-01
8.74671e-01
8.68297e-01
9.32898e-01
8.92131e-01
9.70532e-01
6.74188e-01
8.64865e-01
9.52336e-01
8.31369e-01
8.29198e-01
7.04527e-01
7.55329e-01
9.01008e-01
8.85865e-01
8.58047e-01
8.36866e-01
9.11381e-01
7.59929e-01
8.75962e-01
8.84085e-01
8.80930e-01
8.48921e-01
9.57814e-01
9.36191e-01
8.56995e-01
9.28210e-01
7.52889e-01
9.33692e-01
9.17181e-01
7.48943e-01
9.48240e-01
9.20556e-01
9.16292e-01
8.19686e-01
8.64564e-01
9.61183e-01
8.27820e-01
8.78924e-01
9.18675e-01
9.17949e-01
9.55513e-01
8.15672e-01
8.09939e-01
9.66270e-01
8.87050e-01
9.02347e-01
7.36453e-01
8.62534e-01
8.86882e-01
6.46204e-01
9.08917e-01
9.64117e-01
9.36015e-01
8.22262e-01
9.36130e-01
7.88720e-01
8.95731e-01
9.16016e-01
8.63722e-01
9.83382e-01
7.02899e-01
8.60340e-01
9.23513e-01
9.05734e-01
9.50382e-01
8.93435e-01
8.40445e-01
9.25781e-01
9.78610e-01
9.79612e-01
9.44227e-01
8.70497e-01
9.11326e-01
6.53995e-01
8.94737e-01
9.24702e-01
8.61321e-01
9.36842e-01
8.39114e-01
8.45823e-01
9.64453e-01
9.21671e-01
9.42231e-01
8.89593e-01
8.91365e-01
9.06461e-01
9.69789e-01
9.42014e-01
8.06799e-01
8.91144e-01
9.60804e-01
9.23513e-01
8.74431e-01
9.02791e-01
9.42598e-01
9.14116e-01
9.33934e-01
9.50932e-01
9.69638e-01
9.62745e-01
6.95266e-01
9.43447e-01
9.63100e-01
8.96964e-01
8.93617e-01
7.00412e-01
9.69728e-01
9.19340e-01
9.72072e-01
9.48276e-01
6.78915e-01
9.08734e-01
9.51759e-01
9.70420e-01
6.55367e-01
9.09660e-01
8.70884e-01
8.47958e-01
9.27783e-01
9.58095e-01
9.27761e-01
8.70656e-01
8.80302e-01
8.21558e-01
8.27068e-01
9.19840e-01
8.70130e-01
9.35010e-01
9.48958e-01
7.92661e-01
8.57143e-01
7.00943e-01
9.38477e-01
8.21396e-01
7.62107e-01
8.78472e-01
9.46089e-01
9.58592e-01
9.31521e-01
9.53047e-01
7.82016e-01
8.10078e-01
9.29563e-01
8.98768e-01
9.21933e-01
8.61165e-01
9.17373e-01
8.14085e-01
9.30964e-01
8.99452e-01
7.99458e-01
9.00277e-01
8.64391e-01
7.96249e-01
7.66938e-01
9.71098e-01
7.59099e-01
8.96834e-01
9.56682e-01
9.16090e-01
9.51943e-01
8.37344e-01
9.48171e-01
8.81897e-01
9.38235e-01
9.46809e-01
9.48649e-01
6.07506e-01
9.07801e-01
8.59762e-01
8.46223e-01
9.00000e-01
7.64858e-01
9.61686e-01
9.32308e-01
9.33395e-01
8.44517e-01
9.42797e-01
9.14367e-01
9.55209e-01
9.36971e-01
9.01163e-01
9.62072e-01
9.13043e-01
8.40525e-01
8.40321e-01
8.12274e-01
9.52381e-01
9.07278e-01
9.16667e-01
9.57865e-01
7.82814e-01
8.94962e-01
8.35088e-01
8.97881e-01
9.13043e-01
9.53846e-01
8.19524e-01
8.79175e-01
9.65421e-01
8.28715e-01
9.46411e-01
9.74155e-01
8.53068e-01
8.16594e-01
9.46069e-01
8.24825e-01
9.05712e-01
9.52334e-01
9.48912e-01
4.63032e-01
9.62578e-01
9.06082e-01
7.86416e-01
9.60630e-01
9.50324e-01
8.85350e-01
8.57418e-01
7.59180e-01
8.97179e-01
8.20018e-01
9.05199e-01
8.67550e-01
9.28439e-01
9.75149e-01
8.61451e-01
9.29494e-01
9.52153e-01
8.73327e-01
7.33002e-01
8.89109e-01
9.56772e-01
7.25103e-01
8.77788e-01
7.91702e-01
8.79596e-01
8.73488e-01
8.30137e-01
9.18367e-01
9.55251e-01
8.55204e-01
7.24786e-01
9.46097e-01
9.13900e-01
7.04987e-01
9.12966e-01
8.50953e-01
9.08025e-01
9.32008e-01
7.57713e-01
9.79208e-01
9.15832e-01
9.11224e-01
9.81427e-01
9.71485e-01
8.99906e-01
9.59164e-01
8.82187e-01
9.45305e-01
7.58025e-01
9.34698e-01
9.11243e-01
6.27925e-01
8.68016e-01
8.42818e-01
9.56859e-01
8.43860e-01
7.61905e-01
8.95833e-01
7.58865e-01
9.28643e-01
9.44767e-01
9.63449e-01
9.36571e-01
9.39512e-01
8.63216e-01
9.01768e-01
8.79630e-01
9.66699e-01
8.72778e-01
9.50446e-01
8.68142e-01
7.59899e-01
6.96372e-01
8.94831e-01
9.29368e-01
7.06078e-01
9.00101e-01
9.06103e-01
9.37829e-01
7.50000e-01
8.78993e-01
8.76207e-01
9.01522e-01
9.03308e-01
9.35288e-01
8.45927e-01
6.00329e-01
9.46131e-01
8.45595e-01
8.67647e-01
9.29688e-01
8.48785e-01
8.60068e-01
8.40948e-01
9.23657e-01
7.18499e-01
7.84560e-01
8.30409e-01
6.12827e-01
8.51817e-01
8.72000e-01
9.55348e-01
9.55182e-01
9.11253e-01
9.53668e-01
5.96549e-01
6.76106e-01
6.77056e-01
9.34394e-01
8.33785e-01
9.35453e-01
9.59606e-01
9.26471e-01
9.40625e-01
9.36709e-01
9.44008e-01
8.92825e-01
7.35484e-01
8.84058e-01
9.20319e-01
8.85167e-01
7.28828e-01
7.32370e-01
9.77376e-01
7.38655e-01
9.12060e-01
9.23721e-01
7.66547e-01
9.49504e-01
8.94836e-01
9.07389e-01
9.56914e-01
9.38108e-01
5.69803e-01
8.93676e-01
9.18140e-01
8.80930e-01
8.43721e-01
9.62302e-01
9.56656e-01
8.29826e-01
9.69063e-01
9.73922e-01
9.65092e-01
9.56522e-01
8.96458e-01
9.59627e-01
9.17315e-01
8.99906e-01
8.01572e-01
9.11820e-01
8.82648e-01
9.07285e-01
9.47319e-01
9.13655e-01
8.36168e-01
8.31492e-01
6.51659e-01
7.31455e-01
6.17579e-01
9.26074e-01
8.18100e-01
9.58774e-01
9.38553e-01
8.29716e-01
8.97919e-01
9.34120e-01
8.48430e-01
4.95139e-01
9.65483e-01
6.78761e-01
9.59372e-01
8.67635e-01
9.61073e-01
9.70297e-01
8.96465e-01
8.02968e-01
9.67771e-01
7.75420e-01
9.59000e-01
6.03008e-01
9.28636e-01
8.63118e-01
9.17148e-01
9.31282e-01
9.68431e-01
7.90500e-01
9.01487e-01
8.35165e-01
8.50501e-01
9.38894e-01
8.67528e-01
9.30769e-01
9.13201e-01
9.39261e-01
9.61219e-01
9.47222e-01
8.01308e-01
8.78543e-01
5.89888e-01
8.30637e-01
9.66418e-01
7.83784e-01
9.07480e-01
8.50704e-01
9.13603e-01
9.13758e-01
9.48905e-01
8.94040e-01
9.20605e-01
9.17972e-01
6.59146e-01
9.00000e-01
9.38614e-01
9.38249e-01
9.42768e-01
7.31150e-01
7.44501e-01
8.26655e-01
8.76786e-01
9.60731e-01
9.57759e-01
9.06279e-01
7.21612e-01
9.74696e-01
8.38488e-01
6.55202e-01
9.14951e-01
9.47214e-01
9.27083e-01
9.10268e-01
9.43038e-01
9.27970e-01
9.43105e-01
8.66957e-01
8.32136e-01
8.16007e-01
8.62162e-01
9.11846e-01
8.05998e-01
8.91707e-01
8.93899e-01
9.23560e-01
9.12250e-01
9.80000e-01
9.56796e-01
9.28644e-01
9.75402e-01
8.70629e-01
4.41115e-01
7.27941e-01
9.39793e-01
8.78327e-01
9.63532e-01
8.85609e-01
9.52875e-01
8.01826e-01
9.10900e-01
9.57257e-01
8.71818e-01
9.55408e-01
9.15114e-01
9.44501e-01
9.83773e-01
8.75233e-01
7.15409e-01
6.89815e-01
8.38393e-01
9.77549e-01
6.81282e-01
8.27937e-01
8.52066e-01
9.36946e-01
6.92308e-01
8.65971e-01
9.60265e-01
9.46734e-01
9.40187e-01
9.11978e-01
7.52773e-01
8.55433e-01
9.70588e-01
9.31244e-01
8.99913e-01
9.02240e-01
7.10106e-01
9.00098e-01
6.17167e-01
9.35513e-01
6.13452e-01
9.57923e-01
5.75510e-01
8.62816e-01
9.59436e-01
9.26729e-01
8.93082e-01
9.63671e-01
8.78673e-01
8.97855e-01
9.49597e-01
8.25424e-01
8.93281e-01
9.21283e-01
8.08824e-01
8.90963e-01
8.38207e-01
8.21025e-01
9.52290e-01
9.62814e-01
8.32080e-01
7.09044e-01
8.02092e-01
8.58890e-01
8.80140e-01
8.01623e-01
7.99649e-01
8.59489e-01
6.98712e-01
9.42042e-01
9.20588e-01
8.90640e-01
8.05458e-01
7.87684e-01
8.92028e-01
9.60036e-01
8.21152e-01
9.28715e-01
8.09318e-01
9.00000e-01
8.50134e-01
8.15034e-01
8.86447e-01
9.23643e-01
8.30901e-01
8.87586e-01
8.37533e-01
8.10452e-01
7.25957e-01
8.56256e-01
7.59963e-01
8.17726e-01
5.96760e-01
9.00185e-01
7.99470e-01
8.95852e-01
9.75799e-01
9.09270e-01
8.40753e-01
8.48511e-01
9.13165e-01
8.46484e-01
8.42154e-01
8.96488e-01
8.78788e-01
8.93296e-01
7.88114e-01
8.21806e-01
7.00308e-01
9.00739e-01
8.55556e-01
7.79661e-01
8.03030e-01
7.36310e-01
8.54717e-01
5.63783e-01
9.02375e-01
7.16239e-01
8.06423e-01
9.40655e-01
8.10377e-01
9.45709e-01
9.07954e-01
8.24977e-01
7.24786e-01
9.51628e-01
8.18692e-01
8.77064e-01
9.66303e-01
7.80220e-01
8.10711e-01
8.52667e-01
7.68953e-01
7.22798e-01
8.80973e-01
8.48595e-01
9.01223e-01
8.07656e-01
8.37489e-01
8.06187e-01
9.71044e-01
8.29505e-01
8.30172e-01
9.20444e-01
9.41057e-01
9.63462e-01
8.03419e-01
8.29517e-01
8.23237e-01
9.46054e-01
8.63958e-01
8.37889e-01
8.68687e-01
8.70826e-01
7.96733e-01
8.57648e-01
8.77816e-01
9.09639e-01
7.80961e-01
8.25467e-01
8.29464e-01
7.98691e-01
8.64486e-01
8.45684e-01
7.96233e-01
7.42986e-01
8.47173e-01
7.76096e-01
6.54025e-01
8.82521e-01
9.12245e-01
8.59899e-01
7.77302e-01
7.34807e-01
8.90110e-01
8.96324e-01
8.19910e-01
9.69638e-01
7.07746e-01
7.41776e-01
8.65801e-01
9.23529e-01
8.27642e-01
7.18463e-01
8.62687e-01
7.57626e-01
8.26718e-01
9.77273e-01
7.85467e-01
8.33333e-01
8.91945e-01
8.76908e-01
8.63271e-01
8.77660e-01
8.80074e-01
7.67993e-01
8.72007e-01
9.49634e-01
8.29075e-01
7.05433e-01
7.92257e-01
8.22962e-01
9.12046e-01
8.47059e-01
8.76487e-01
8.47670e-01
8.63248e-01
8.61538e-01
7.66982e-01
8.41869e-01
8.48748e-01
6.90164e-01
9.59123e-01
9.17279e-01
6.50669e-01
8.73733e-01
8.71083e-01
9.53668e-01
8.04078e-01
7.22274e-01
8.27081e-01
8.45740e-01
6.42276e-01
9.21267e-01
8.94531e-01
9.07019e-01
8.59404e-01
9.58130e-01
8.82236e-01
8.61836e-01
8.67377e-01
9.05354e-01
8.67021e-01
8.49871e-01
8.84843e-01
7.99625e-01
7.02322e-01
9.21191e-01
9.28000e-01
8.09566e-01
8.56759e-01
9.88372e-01
8.76607e-01
8.09269e-01
9.59285e-01
8.63597e-01
8.86342e-01
8.26590e-01
8.79024e-01
7.36842e-01
8.38565e-01
8.95706e-01
8.41652e-01
8.20643e-01
8.65451e-01
8.55433e-01
8.56607e-01
8.34798e-01
9.59725e-01
8.46218e-01
8.44687e-01
8.14691e-01
9.03007e-01
8.18414e-01
8.94107e-01
8.27993e-01
8.49911e-01
8.78731e-01
7.50449e-01
8.31431e-01
8.90756e-01
8.64222e-01
8.97412e-01
8.52362e-01
9.53353e-01
7.33751e-01
7.72894e-01
8.11490e-01
8.99734e-01
8.05048e-01
8.76877e-01
8.65602e-01
8.70781e-01
8.75560e-01
9.40433e-01
8.22222e-01
7.62799e-01
8.97569e-01
8.09689e-01
8.42304e-01
7.55712e-01
8.62762e-01
9.05812e-01
8.29125e-01
8.37273e-01
9.18573e-01
8.52349e-01
9.22222e-01
8.85260e-01
7.79732e-01
7.38155e-01
6.45035e-01
8.49327e-01
8.66128e-01
8.07762e-01
8.46648e-01
7.39165e-01
8.37736e-01
8.55184e-01
8.49091e-01
7.22456e-01
8.61451e-01
9.01333e-01
9.01060e-01
7.27426e-01
8.33333e-01
9.65726e-01
8.74542e-01
6.68586e-01
9.81553e-01
7.63203e-01
8.53271e-01
8.40684e-01
7.71795e-01
8.79845e-01
9.59624e-01
8.70936e-01
9.37500e-01
8.87226e-01
9.21739e-01
8.46855e-01
8.26737e-01
8.19178e-01
9.74122e-01
7.92661e-01
8.89900e-01
7.85146e-01
9.55068e-01
8.04152e-01
8.69328e-01
9.16123e-01
7.89134e-01
8.72072e-01
8.94444e-01
7.96200e-01
6.94355e-01
8.50718e-01
9.19580e-01
9.17279e-01
8.74159e-01
6.59001e-01
9.11197e-01
6.87976e-01
8.15552e-01
9.37500e-01
8.38294e-01
7.46407e-01
9.51538e-01
8.08594e-01
6.54412e-01
7.93594e-01
8.02644e-01
8.71820e-01
9.13960e-01
8.65658e-01
8.96872e-01
8.89749e-01
7.92185e-01
7.62417e-01
8.03636e-01
7.85905e-01
7.80488e-01
9.60784e-01
7.55985e-01
9.58993e-01
8.98416e-01
9.66762e-01
8.61682e-01
8.91051e-01
7.03008e-01
8.13039e-01
7.82010e-01
8.75811e-01
6.90152e-01
8.36364e-01
7.77582e-01
8.59617e-01
8.45070e-01
7.44355e-01
7.23944e-01
9.48494e-01
9.57468e-01
9.56566e-01
8.72238e-01
9.04762e-01
7.22682e-01
8.02139e-01
7.74089e-01
8.46473e-01
8.79693e-01
9.24878e-01
7.84698e-01
8.25044e-01
9.19145e-01
8.21463e-01
6.98851e-01
9.47214e-01
7.80870e-01
8.95447e-01
8.29225e-01
8.79048e-01
8.21078e-01
8.70093e-01
7.98419e-01
8.43531e-01
7.44281e-01
8.50791e-01
8.13127e-01
9.63956e-01
8.70681e-01
8.68397e-01
8.93296e-01
6.85639e-01
8.65907e-01
8.47610e-01
8.04900e-01
8.44569e-01
8.01860e-01
8.92035e-01
8.61925e-01
8.28740e-01
7.21137e-01
8.14460e-01
8.46886e-01
9.69953e-01
9.10373e-01
8.92321e-01
8.55660e-01
8.10585e-01
8.73786e-01
8.99135e-01
6.31455e-01
8.69452e-01
8.13743e-01
8.35088e-01
8.23630e-01
8.49057e-01
7.17199e-01
8.25806e-01
8.73995e-01
8.74532e-01
8.42831e-01
7.97810e-01
7.27874e-01
7.75068e-01
8.55204e-01
9.34974e-01
8.36661e-01
9.42857e-01
8.08415e-01
8.21364e-01
7.25335e-01
6.62469e-01
7.40545e-01
8.43100e-01
8.77085e-01
7.69778e-01
8.27618e-01
8.86667e-01
7.90620e-01
8.60153e-01
9.07018e-01
8.59541e-01
8.33483e-01
8.61232e-01
9.46729e-01
8.80503e-01
8.52521e-01
8.91197e-01
7.18949e-01
7.63441e-01
9.15591e-01
6.57423e-01
8.95455e-01
8.09609e-01
7.25417e-01
8.55993e-01
7.24522e-01
8.90200e-01
8.62069e-01
7.97970e-01
8.98032e-01
9.50000e-01
8.93220e-01
9.08012e-01
8.33333e-01
8.22330e-01
8.91399e-01
8.76089e-01
9.41683e-01
8.21053e-01
9.46787e-01
7.50706e-01
8.61060e-01
8.24955e-01
5.36938e-01
7.91486e-01
9.50235e-01
8.55351e-01
8.87232e-01
7.70165e-01
8.80000e-01
7.11077e-01
7.50200e-01
7.27885e-01
8.50000e-01
7.84446e-01
8.92093e-01
7.82720e-01
7.19586e-01
8.39695e-01
8.68444e-01
9.32950e-01
8.78760e-01
8.74564e-01
6.69255e-01
8.46438e-01
8.16683e-01
7.91139e-01
8.75000e-01
8.49472e-01
8.59633e-01
8.56146e-01
9.28571e-01
6.14934e-01
6.29434e-01
8.48294e-01
8.08476e-01
8.30622e-01
8.20868e-01
9.28765e-01
8.64789e-01
9.30297e-01
9.01698e-01
9.38563e-01
7.01465e-01
8.52817e-01
9.58254e-01
8.75344e-01
8.60194e-01
6.87349e-01
8.06984e-01
8.88788e-01
9.06608e-01
8.42997e-01
8.46715e-01
9.17463e-01
