9.44112e-01
9.18664e-01
9.61101e-01
9.14314e-01
9.01943e-01
9.76281e-01
9.17000e-01
9.50728e-01
9.37819e-01
9.49661e-01
9.95224e-01
9.66876e-01
7.75966e-01
9.81779e-01
9.41176e-01
9.72196e-01
9.52847e-01
9.61802e-01
9.61503e-01
9.04122e-01
9.05967e-01
8.99000e-01
9.52331e-01
9.77318e-01
9.73888e-01
8.10181e-01
9.73188e-01
9.78788e-01
9.57209e-01
9.33830e-01
8.42845e-01
9.32367e-01
8.02855e-01
8.86598e-01
9.56075e-01
9.51642e-01
8.06510e-01
9.46154e-01
8.52489e-01
9.18265e-01
9.41176e-01
8.14947e-01
9.91124e-01
9.54887e-01
8.32293e-01
8.84651e-01
9.58163e-01
9.45402e-01
9.58621e-01
8.59519e-01
9.64611e-01
9.70276e-01
9.86328e-01
9.76459e-01
8.94597e-01
9.29639e-01
6.01399e-01
9.22870e-01
9.28375e-01
9.41634e-01
9.51829e-01
9.74359e-01
9.09174e-01
9.66387e-01
9.18261e-01
9.65377e-01
9.60442e-01
8.94977e-01
9.40945e-01
9.85670e-01
9.72165e-01
8.63562e-01
9.76054e-01
9.25521e-01
9.62229e-01
8.25046e-01
9.09441e-01
9.75460e-01
9.00380e-01
9.53271e-01
9.65585e-01
9.79228e-01
9.72549e-01
7.99028e-01
9.48952e-01
9.85915e-01
6.64749e-01
9.33606e-01
7.30016e-01
9.26514e-01
9.47664e-01
9.75046e-01
9.53013e-01
7.86111e-01
9.55224e-01
9.48744e-01
9.78074e-01
8.28700e-01
9.23290e-01
9.51862e-01
7.79690e-01
9.69356e-01
9.75048e-01
9.37435e-01
9.70558e-01
9.55446e-01
9.33464e-01
8.65254e-01
9.76386e-01
8.86454e-01
9.55128e-01
9.94524e-01
7.70796e-01
9.45603e-01
7.96980e-01
9.67871e-01
8.09524e-01
8.05532e-01
9.14515e-01
9.77754e-01
9.68783e-01
9.29212e-01
9.79529e-01
9.03626e-01
8.95303e-01
9.26148e-01
9.40969e-01
9.65550e-01
8.55882e-01
9.77090e-01
7.57819e-01
9.12088e-01
9.34236e-01
8.18692e-01
9.21154e-01
9.45437e-01
7.44556e-01
8.86179e-01
9.78558e-01
7.46432e-01
9.70041e-01
9.69753e-01
9.62466e-01
9.67742e-01
9.57983e-01
9.60744e-01
9.45438e-01
9.36874e-01
9.65481e-01
9.37838e-01
6.33224e-01
9.23285e-01
9.42141e-01
9.00000e-01
9.42327e-01
9.74600e-01
9.67773e-01
9.65553e-01
9.48932e-01
9.28133e-01
9.68512e-01
9.15493e-01
9.68535e-01
9.76168e-01
8.73062e-01
9.86879e-01
9.35701e-01
7.71272e-01
9.27307e-01
9.18033e-01
9.74925e-01
9.42326e-01
9.53416e-01
9.82873e-01
8.53561e-01
9.42758e-01
8.84259e-01
9.64043e-01
9.21435e-01
9.68008e-01
8.71537e-01
9.80167e-01
9.75425e-01
9.21622e-01
9.65184e-01
9.77295e-01
9.06047e-01
7.89474e-01
9.63788e-01
9.02311e-01
9.46740e-01
9.70737e-01
9.43715e-01
7.04055e-01
9.77778e-01
9.43882e-01
8.78391e-01
9.66236e-01
9.44681e-01
9.68692e-01
9.20408e-01
7.62877e-01
9.38490e-01
9.70930e-01
9.67742e-01
9.23154e-01
9.54163e-01
9.80080e-01
9.65863e-01
9.72589e-01
9.77495e-01
9.67472e-01
7.51278e-01
9.03000e-01
9.47317e-01
8.69258e-01
8.25022e-01
9.43585e-01
9.37211e-01
8.97436e-01
8.98256e-01
8.83117e-01
9.63603e-01
9.36131e-01
9.48118e-01
9.07285e-01
9.67161e-01
7.85527e-01
9.03880e-01
9.64991e-01
9.19210e-01
8.25050e-01
9.73469e-01
9.56353e-01
9.70438e-01
9.45687e-01
9.88154e-01
9.56149e-01
9.09859e-01
9.52562e-01
9.14773e-01
9.75587e-01
9.70163e-01
9.36647e-01
9.44898e-01
6.92616e-01
8.72711e-01
9.34055e-01
9.64379e-01
8.77660e-01
8.87801e-01
9.48613e-01
6.93732e-01
9.58586e-01
9.68191e-01
9.69014e-01
9.95960e-01
9.58457e-01
9.26099e-01
9.90625e-01
9.16737e-01
9.73320e-01
9.19278e-01
9.57760e-01
9.21930e-01
8.49913e-01
8.25828e-01
9.56244e-01
9.21514e-01
7.35632e-01
9.79636e-01
9.30620e-01
9.51374e-01
7.76972e-01
9.33668e-01
9.13669e-01
9.69918e-01
8.92734e-01
8.49853e-01
8.80392e-01
6.15578e-01
9.26471e-01
9.01794e-01
8.78390e-01
9.74078e-01
9.04000e-01
9.05644e-01
9.60819e-01
9.77756e-01
9.80493e-01
8.56184e-01
9.65768e-01
5.95960e-01
9.35103e-01
8.96169e-01
9.54832e-01
9.60821e-01
9.68985e-01
9.72656e-01
5.51669e-01
8.31858e-01
5.64920e-01
9.58130e-01
9.03288e-01
9.64497e-01
9.51644e-01
9.64392e-01
9.70244e-01
9.52637e-01
9.65449e-01
9.34844e-01
7.68897e-01
9.33906e-01
9.69008e-01
9.28287e-01
8.09228e-01
9.25542e-01
9.83486e-01
7.91883e-01
9.30009e-01
9.80769e-01
7.97075e-01
9.82790e-01
9.72763e-01
8.97462e-01
9.52286e-01
9.61778e-01
7.97546e-01
9.22787e-01
9.79827e-01
8.82017e-01
9.76096e-01
9.64497e-01
9.25253e-01
9.39130e-01
9.68401e-01
9.71972e-01
9.78328e-01
9.81571e-01
9.67864e-01
9.74012e-01
9.45000e-01
8.86647e-01
9.58904e-01
9.01408e-01
9.54974e-01
9.51866e-01
9.60114e-01
9.34426e-01
9.20073e-01
8.94981e-01
7.80531e-01
6.37838e-01
7.72951e-01
9.35318e-01
8.48678e-01
9.80687e-01
9.74747e-01
9.43231e-01
9.16838e-01
9.75976e-01
9.53125e-01
7.01657e-01
9.67066e-01
9.16583e-01
9.67742e-01
9.61538e-01
9.74517e-01
9.50348e-01
9.09248e-01
8.79930e-01
9.74084e-01
8.79131e-01
9.59566e-01
7.69294e-01
9.38924e-01
9.45545e-01
9.56647e-01
9.35966e-01
8.92200e-01
8.30450e-01
9.50617e-01
9.58829e-01
8.83165e-01
9.51877e-01
9.20204e-01
9.66967e-01
9.57798e-01
9.51730e-01
9.85061e-01
9.14736e-01
8.09727e-01
9.64894e-01
6.68643e-01
8.95553e-01
9.72846e-01
8.00000e-01
9.32673e-01
9.66601e-01
9.56682e-01
9.41478e-01
9.66667e-01
8.99135e-01
9.30937e-01
9.67650e-01
9.37795e-01
9.19580e-01
9.67066e-01
9.34562e-01
9.50630e-01
7.68150e-01
9.02439e-01
9.75655e-01
9.30937e-01
8.95093e-01
9.58678e-01
9.22714e-01
7.37455e-01
9.87780e-01
9.30380e-01
6.81661e-01
9.34743e-01
9.67000e-01
9.69022e-01
9.17847e-01
9.46761e-01
9.89022e-01
9.62572e-01
8.99816e-01
8.16621e-01
8.06890e-01
8.92237e-01
9.45642e-01
8.05503e-01
9.61421e-01
9.59624e-01
9.68683e-01
9.47908e-01
9.56929e-01
9.45652e-01
9.01804e-01
9.77591e-01
9.38904e-01
5.51855e-01
9.66881e-01
9.71456e-01
9.17847e-01
9.69052e-01
9.39058e-01
9.51718e-01
8.90196e-01
9.19844e-01
9.79945e-01
9.59164e-01
9.78661e-01
9.60428e-01
9.36000e-01
9.76791e-01
7.73748e-01
7.77403e-01
7.20280e-01
8.98510e-01
9.56441e-01
8.74023e-01
9.16830e-01
9.34612e-01
9.39394e-01
7.26441e-01
9.16667e-01
9.65226e-01
9.42886e-01
9.46593e-01
9.60990e-01
9.24512e-01
9.29605e-01
9.72782e-01
9.61303e-01
8.77042e-01
9.54175e-01
9.27651e-01
9.63153e-01
7.31844e-01
9.39870e-01
7.76614e-01
9.71920e-01
6.14860e-01
9.25612e-01
9.69938e-01
9.78992e-01
9.41286e-01
9.80620e-01
8.60878e-01
9.72311e-01
9.51000e-01
9.53971e-01
9.44332e-01
9.51807e-01
7.88745e-01
7.13235e-01
9.72545e-01
8.65887e-01
9.79612e-01
9.70825e-01
8.87457e-01
8.29670e-01
8.52459e-01
9.03543e-01
9.14209e-01
9.13168e-01
7.62027e-01
9.22139e-01
8.78868e-01
9.44904e-01
9.86542e-01
9.31452e-01
8.80072e-01
8.73106e-01
8.92495e-01
9.90926e-01
7.70259e-01
9.58918e-01
8.96992e-01
9.49661e-01
8.95890e-01
9.22731e-01
9.74408e-01
9.13871e-01
9.07540e-01
9.18651e-01
9.34293e-01
8.00885e-01
8.23839e-01
9.15674e-01
8.82759e-01
8.99377e-01
8.39650e-01
9.75701e-01
9.02738e-01
8.26599e-01
9.78620e-01
8.70142e-01
9.23283e-01
9.21533e-01
9.05028e-01
8.92105e-01
8.73574e-01
9.16510e-01
9.52041e-01
9.14811e-01
8.00347e-01
8.41402e-01
8.20946e-01
9.15074e-01
8.98578e-01
8.18692e-01
9.18017e-01
8.33333e-01
9.11133e-01
6.73108e-01
9.43447e-01
8.65367e-01
9.05393e-01
9.61062e-01
9.02414e-01
9.76542e-01
9.39171e-01
8.90476e-01
7.00669e-01
9.52206e-01
8.48739e-01
9.22787e-01
9.78218e-01
9.10521e-01
8.30986e-01
8.75548e-01
9.65243e-01
8.44732e-01
9.37726e-01
8.38710e-01
9.33398e-01
8.89225e-01
8.67201e-01
8.32423e-01
9.75916e-01
8.25243e-01
9.24682e-01
8.70882e-01
8.89772e-01
9.25234e-01
9.02015e-01
8.79679e-01
8.68825e-01
9.71972e-01
8.83636e-01
9.35103e-01
9.07981e-01
9.17647e-01
8.77474e-01
9.08509e-01
9.36994e-01
9.42682e-01
8.88252e-01
9.41729e-01
9.16746e-01
8.99485e-01
9.13793e-01
9.35101e-01
9.06764e-01
8.87033e-01
9.31584e-01
8.70196e-01
7.48160e-01
9.18892e-01
9.17088e-01
9.14434e-01
7.77218e-01
9.06876e-01
9.20040e-01
9.15628e-01
8.67347e-01
9.80354e-01
7.71429e-01
8.98907e-01
9.34982e-01
9.41176e-01
8.42018e-01
8.19185e-01
9.37500e-01
8.64747e-01
9.28355e-01
8.79817e-01
8.79294e-01
8.79817e-01
8.29545e-01
9.00097e-01
9.12138e-01
8.91599e-01
8.87324e-01
8.40426e-01
9.09173e-01
9.55556e-01
9.08265e-01
8.21881e-01
8.85628e-01
8.79091e-01
8.82187e-01
9.18206e-01
9.13003e-01
9.06912e-01
9.28919e-01
9.31864e-01
9.05109e-01
8.52283e-01
8.83495e-01
8.11354e-01
9.45382e-01
9.41286e-01
7.72351e-01
9.09091e-01
8.82969e-01
9.67213e-01
9.08484e-01
9.01538e-01
8.75351e-01
8.82727e-01
7.92653e-01
8.85714e-01
9.10463e-01
8.98274e-01
9.05714e-01
9.59263e-01
9.66934e-01
9.11344e-01
9.05378e-01
9.10680e-01
9.39201e-01
8.80889e-01
9.35965e-01
9.38796e-01
8.49091e-01
9.47368e-01
9.31959e-01
8.84366e-01
9.28439e-01
9.89331e-01
8.95852e-01
9.31429e-01
9.76602e-01
8.86344e-01
9.14258e-01
8.72642e-01
9.19000e-01
8.69919e-01
9.01109e-01
9.32131e-01
9.23767e-01
8.67761e-01
9.07504e-01
9.28707e-01
8.77493e-01
9.00274e-01
9.74435e-01
9.08612e-01
9.36733e-01
9.43860e-01
9.56827e-01
9.25293e-01
9.46529e-01
8.83478e-01
8.85426e-01
9.02072e-01
8.52802e-01
9.18594e-01
9.10965e-01
9.08905e-01
9.53533e-01
8.81238e-01
9.59420e-01
8.92670e-01
7.80510e-01
8.99618e-01
9.11232e-01
8.07279e-01
8.66536e-01
8.93939e-01
9.05812e-01
9.34683e-01
9.35921e-01
8.61210e-01
8.72302e-01
9.11326e-01
8.55216e-01
8.40220e-01
8.76555e-01
8.53952e-01
9.44444e-01
8.98701e-01
8.67580e-01
9.26740e-01
9.20398e-01
9.57386e-01
9.06082e-01
8.93143e-01
7.44048e-01
9.10326e-01
8.46847e-01
7.85039e-01
8.75585e-01
9.02950e-01
8.47487e-01
9.21000e-01
8.94555e-01
9.13462e-01
8.31843e-01
9.33788e-01
9.35041e-01
9.25360e-01
9.15112e-01
8.93435e-01
9.84741e-01
9.27656e-01
8.18342e-01
9.12840e-01
8.91940e-01
8.60037e-01
9.15730e-01
8.61692e-01
9.07186e-01
8.49123e-01
9.20202e-01
9.68442e-01
8.77976e-01
8.69191e-01
8.41475e-01
9.31291e-01
8.76384e-01
9.80483e-01
8.85770e-01
9.40585e-01
9.01382e-01
9.65553e-01
8.85548e-01
9.18539e-01
9.36911e-01
7.78578e-01
8.82883e-01
9.08587e-01
9.05418e-01
7.42412e-01
9.23000e-01
9.82533e-01
7.27646e-01
8.69863e-01
6.25000e-01
9.51076e-01
8.18182e-01
8.64105e-01
9.55492e-01
9.63731e-01
8.81495e-01
9.67742e-01
7.76670e-01
8.00346e-01
8.87405e-01
8.77684e-01
9.31563e-01
9.31900e-01
9.26692e-01
9.32624e-01
9.50199e-01
9.19540e-01
8.72822e-01
8.62617e-01
8.29747e-01
8.71967e-01
9.70617e-01
8.43186e-01
9.70425e-01
9.14207e-01
9.75309e-01
8.99420e-01
9.09715e-01
8.45545e-01
8.34302e-01
8.85988e-01
9.25926e-01
7.90620e-01
8.55660e-01
8.49541e-01
8.48858e-01
9.00091e-01
8.42869e-01
8.23887e-01
9.62891e-01
9.56820e-01
9.77035e-01
9.02818e-01
9.26254e-01
7.10772e-01
8.79406e-01
8.28205e-01
8.91566e-01
9.07359e-01
9.62891e-01
9.10163e-01
9.53533e-01
9.44963e-01
9.54011e-01
8.01695e-01
9.51819e-01
8.52915e-01
9.29310e-01
9.23844e-01
9.34506e-01
9.36522e-01
8.99341e-01
8.74372e-01
8.51596e-01
7.78626e-01
8.91566e-01
9.21860e-01
9.71296e-01
9.27565e-01
9.24086e-01
9.42829e-01
8.55641e-01
9.05861e-01
8.86171e-01
9.76096e-01
8.60465e-01
8.98438e-01
9.06112e-01
9.24017e-01
8.89804e-01
8.09524e-01
8.49650e-01
7.54181e-01
9.56360e-01
9.16246e-01
9.05058e-01
8.87597e-01
9.02806e-01
9.16517e-01
9.24198e-01
8.27128e-01
9.02998e-01
7.17749e-01
8.91821e-01
8.40849e-01
9.04494e-01
8.06768e-01
8.98674e-01
9.39394e-01
9.12464e-01
8.69646e-01
8.98917e-01
7.29060e-01
7.67358e-01
8.63515e-01
9.59002e-01
9.59319e-01
9.74782e-01
8.69963e-01
8.84939e-01
7.83650e-01
8.30922e-01
9.07354e-01
9.25854e-01
9.44248e-01
8.94592e-01
9.00952e-01
8.95293e-01
8.25790e-01
8.88674e-01
9.38517e-01
9.41948e-01
9.30491e-01
8.74778e-01
9.53532e-01
9.11009e-01
9.23001e-01
9.59267e-01
7.78146e-01
9.04255e-01
9.39182e-01
8.17854e-01
8.88164e-01
8.55948e-01
8.31858e-01
8.80829e-01
8.78367e-01
9.11253e-01
9.11111e-01
8.66409e-01
9.13591e-01
9.83732e-01
9.48651e-01
9.18245e-01
9.45693e-01
8.99000e-01
9.11612e-01
9.34739e-01
9.68269e-01
8.97196e-01
9.48589e-01
9.23077e-01
9.11132e-01
9.15191e-01
7.15232e-01
8.73087e-01
9.54717e-01
8.89365e-01
9.34025e-01
7.98982e-01
8.89706e-01
7.44057e-01
7.46434e-01
9.45736e-01
8.57143e-01
8.98290e-01
9.47115e-01
8.90080e-01
8.91841e-01
9.35284e-01
9.16743e-01
9.47166e-01
8.57664e-01
9.65297e-01
6.21663e-01
8.33483e-01
8.84264e-01
9.08046e-01
9.33763e-01
9.15730e-01
8.69605e-01
9.04720e-01
9.33131e-01
6.46004e-01
8.58384e-01
8.68750e-01
8.92704e-01
9.64321e-01
8.91842e-01
9.38238e-01
9.05123e-01
8.19176e-01
9.12770e-01
9.81888e-01
9.77297e-01
8.81223e-01
9.73863e-01
9.19924e-01
8.61336e-01
7.68041e-01
7.84038e-01
9.55951e-01
9.35194e-01
8.53549e-01
9.33712e-01
9.41799e-01
9.18548e-01
8.99747e-01
9.28839e-01
9.17808e-01
9.01473e-01
9.63068e-01
9.15000e-01
9.76163e-01
9.37882e-01
9.55882e-01
9.93321e-01
9.58148e-01
7.71281e-01
9.82777e-01
9.42268e-01
9.60478e-01
9.56444e-01
9.50772e-01
9.50045e-01
9.19561e-01
9.23913e-01
9.69570e-01
9.69116e-01
9.71485e-01
9.73077e-01
8.24913e-01
9.69277e-01
9.48156e-01
9.65517e-01
9.33086e-01
8.47368e-01
9.24638e-01
8.03922e-01
8.80751e-01
9.65877e-01
9.47129e-01
8.19419e-01
9.50000e-01
8.84544e-01
9.22819e-01
9.40896e-01
8.24545e-01
9.95045e-01
9.32595e-01
8.17062e-01
8.97727e-01
9.65412e-01
9.59538e-01
9.65483e-01
8.47706e-01
9.60366e-01
9.60929e-01
9.85323e-01
9.63563e-01
8.93711e-01
9.38108e-01
5.86364e-01
9.30973e-01
9.19238e-01
9.22929e-01
9.60212e-01
9.56842e-01
9.18894e-01
9.69359e-01
9.26937e-01
9.63415e-01
9.51554e-01
8.91644e-01
8.86364e-01
9.87692e-01
9.73196e-01
8.86870e-01
9.82676e-01
9.22388e-01
9.75402e-01
8.54225e-01
9.06820e-01
9.76459e-01
8.84688e-01
9.32169e-01
9.70414e-01
9.80178e-01
9.73555e-01
8.07692e-01
9.39891e-01
9.86867e-01
6.42974e-01
9.60417e-01
8.06897e-01
9.13215e-01
9.58022e-01
9.89843e-01
9.65839e-01
7.92523e-01
9.53280e-01
9.56522e-01
9.77121e-01
8.60529e-01
9.21947e-01
9.45750e-01
7.20713e-01
9.59308e-01
9.57102e-01
9.47753e-01
9.71660e-01
9.57214e-01
9.11822e-01
8.90411e-01
9.64213e-01
8.87338e-01
9.39619e-01
9.92366e-01
7.42807e-01
9.58220e-01
7.40864e-01
9.66867e-01
7.88720e-01
8.17053e-01
8.98050e-01
9.73517e-01
9.77035e-01
9.33729e-01
9.82546e-01
9.28915e-01
9.24603e-01
9.27565e-01
9.36170e-01
9.68300e-01
8.49903e-01
9.90847e-01
7.78793e-01
9.47315e-01
9.26142e-01
8.15056e-01
9.36108e-01
9.20000e-01
7.11823e-01
9.00000e-01
9.76494e-01
7.98965e-01
9.62206e-01
9.83380e-01
9.61331e-01
9.78216e-01
9.84060e-01
9.67975e-01
9.32803e-01
9.43775e-01
9.60209e-01
9.46364e-01
6.76341e-01
9.31222e-01
9.48620e-01
9.28772e-01
9.47959e-01
9.69981e-01
9.69582e-01
9.57425e-01
9.43150e-01
9.04062e-01
9.75054e-01
9.32765e-01
9.69518e-01
9.80952e-01
8.85294e-01
9.80429e-01
9.23004e-01
7.86239e-01
9.35754e-01
8.59043e-01
9.80943e-01
9.41119e-01
9.52479e-01
9.77208e-01
8.50251e-01
9.49740e-01
8.74423e-01
9.51456e-01
9.27660e-01
9.67909e-01
8.65997e-01
9.54918e-01
9.77273e-01
9.20506e-01
9.75610e-01
9.81207e-01
9.27563e-01
7.82195e-01
9.71270e-01
9.35037e-01
9.48765e-01
9.73684e-01
9.38505e-01
6.51024e-01
9.80871e-01
9.50046e-01
8.90654e-01
9.72112e-01
9.51974e-01
9.70425e-01
8.75862e-01
7.39738e-01
9.39309e-01
9.72196e-01
9.67777e-01
9.21937e-01
9.56808e-01
9.76119e-01
9.59718e-01
9.75709e-01
9.63938e-01
9.77674e-01
7.70294e-01
8.99202e-01
9.52427e-01
8.71226e-01
8.26049e-01
9.81584e-01
9.38945e-01
9.26033e-01
8.92650e-01
8.72557e-01
9.58409e-01
9.41613e-01
8.70389e-01
9.00952e-01
9.66209e-01
8.21809e-01
9.07965e-01
9.65673e-01
9.30631e-01
8.71901e-01
9.63526e-01
9.52748e-01
9.84440e-01
9.61332e-01
9.80276e-01
9.58891e-01
9.15334e-01
9.59885e-01
8.99531e-01
9.75814e-01
9.81702e-01
9.42214e-01
9.40102e-01
7.59866e-01
8.76414e-01
8.92351e-01
9.64912e-01
8.77350e-01
8.76761e-01
9.40452e-01
7.31420e-01
9.65482e-01
9.59566e-01
9.70093e-01
9.23913e-01
9.55446e-01
9.25401e-01
9.89627e-01
9.26271e-01
9.76238e-01
9.40097e-01
9.66403e-01
9.20000e-01
8.42478e-01
8.15190e-01
9.51465e-01
9.29760e-01
7.51899e-01
9.73233e-01
9.30620e-01
9.60888e-01
8.48315e-01
9.39698e-01
9.21267e-01
9.69006e-01
9.10977e-01
8.59252e-01
8.87050e-01
5.19512e-01
9.31305e-01
9.02235e-01
8.75771e-01
9.55534e-01
8.99911e-01
9.02309e-01
9.33566e-01
9.69290e-01
9.65200e-01
8.25603e-01
9.63955e-01
5.73485e-01
9.57510e-01
8.96065e-01
9.60000e-01
9.50652e-01
9.60637e-01
9.71735e-01
5.97039e-01
8.57564e-01
6.46370e-01
9.60117e-01
9.11736e-01
9.58539e-01
9.61240e-01
9.66436e-01
9.81838e-01
9.50378e-01
9.70209e-01
9.21846e-01
8.04770e-01
9.45596e-01
9.64803e-01
9.27291e-01
8.49327e-01
9.17910e-01
9.81685e-01
8.09896e-01
8.89083e-01
9.69524e-01
7.50909e-01
9.85428e-01
9.70789e-01
9.13313e-01
9.34055e-01
9.67023e-01
7.69629e-01
9.29658e-01
9.79846e-01
8.57008e-01
9.63221e-01
9.68285e-01
9.24471e-01
9.32749e-01
9.72119e-01
9.72195e-01
9.79403e-01
9.84451e-01
9.70672e-01
9.73958e-01
9.39940e-01
8.83920e-01
9.41238e-01
9.05342e-01
9.41298e-01
9.50147e-01
9.67464e-01
9.12826e-01
9.15982e-01
8.60737e-01
7.56710e-01
6.52968e-01
7.94872e-01
9.35583e-01
8.38798e-01
9.73233e-01
9.75758e-01
9.41638e-01
9.11765e-01
9.73974e-01
9.46602e-01
6.45849e-01
9.67904e-01
9.39394e-01
9.66881e-01
9.57078e-01
9.68226e-01
9.49304e-01
9.07279e-01
8.75000e-01
9.77558e-01
8.53432e-01
9.54635e-01
8.21338e-01
9.44954e-01
9.39512e-01
9.59577e-01
9.60258e-01
8.87719e-01
8.22414e-01
9.56979e-01
9.64351e-01
8.97127e-01
9.40114e-01
9.25705e-01
9.71831e-01
9.64055e-01
9.56284e-01
9.85019e-01
9.11927e-01
7.69424e-01
9.56383e-01
6.62930e-01
9.10603e-01
9.76437e-01
6.44975e-01
9.34911e-01
9.63761e-01
9.50549e-01
9.56204e-01
9.63235e-01
9.05354e-01
9.33962e-01
9.76989e-01
9.57652e-01
9.09091e-01
9.67229e-01
9.49168e-01
9.65116e-01
7.07822e-01
9.00632e-01
9.67472e-01
9.48027e-01
9.16084e-01
9.66667e-01
9.22495e-01
7.42138e-01
9.92893e-01
9.08281e-01
7.21094e-01
9.41122e-01
9.48919e-01
9.66184e-01
9.25331e-01
9.50178e-01
9.88036e-01
9.55896e-01
8.59232e-01
8.12274e-01
7.95413e-01
8.85036e-01
9.49296e-01
8.45180e-01
9.70287e-01
9.36862e-01
9.67672e-01
9.52014e-01
9.65258e-01
9.42134e-01
9.14980e-01
9.79458e-01
9.74865e-01
6.25100e-01
9.85144e-01
9.77294e-01
9.37322e-01
9.66052e-01
9.41667e-01
9.57209e-01
9.09274e-01
9.33333e-01
9.85348e-01
9.65714e-01
9.83431e-01
9.64363e-01
9.39182e-01
9.68813e-01
7.77682e-01
7.96108e-01
7.12848e-01
8.94786e-01
9.49721e-01
8.72906e-01
9.05354e-01
9.28384e-01
9.45545e-01
7.44424e-01
8.92651e-01
9.66950e-01
9.35743e-01
9.57682e-01
9.58930e-01
8.84141e-01
8.83588e-01
9.71803e-01
9.59308e-01
8.51915e-01
9.70103e-01
9.39424e-01
9.43434e-01
7.51653e-01
9.12639e-01
5.77500e-01
9.86226e-01
6.37324e-01
9.20530e-01
9.54743e-01
9.83193e-01
9.54248e-01
9.80676e-01
9.05534e-01
9.63945e-01
9.59759e-01
9.49378e-01
9.16251e-01
9.49203e-01
8.13811e-01
7.22736e-01
9.35052e-01
8.79638e-01
9.79631e-01
9.66934e-01
9.07199e-01
8.29826e-01
8.41065e-01
9.35580e-01
9.43942e-01
9.09610e-01
7.58355e-01
9.19962e-01
8.77115e-01
9.58178e-01
9.78216e-01
9.31382e-01
8.91008e-01
8.92925e-01
8.95960e-01
9.84545e-01
8.02048e-01
9.63673e-01
8.76455e-01
9.07707e-01
9.03670e-01
9.24460e-01
9.71671e-01
9.16364e-01
8.94222e-01
9.19132e-01
9.20748e-01
8.03191e-01
8.27434e-01
9.15363e-01
8.84158e-01
9.15531e-01
8.53778e-01
9.74719e-01
8.95677e-01
8.31919e-01
9.82439e-01
8.28008e-01
9.35368e-01
9.19708e-01
9.03435e-01
8.85188e-01
8.85308e-01
9.23801e-01
9.40162e-01
9.25097e-01
7.95690e-01
7.46624e-01
8.07725e-01
9.31478e-01
9.06820e-01
8.37344e-01
8.77665e-01
8.50554e-01
9.10680e-01
6.88710e-01
9.44295e-01
8.74302e-01
9.05213e-01
9.55752e-01
9.12779e-01
9.65157e-01
9.20257e-01
8.89524e-01
6.84909e-01
9.72274e-01
8.55251e-01
9.17692e-01
9.81132e-01
9.02724e-01
8.37429e-01
8.77301e-01
9.65243e-01
8.79359e-01
9.29919e-01
8.42932e-01
9.26853e-01
9.12738e-01
8.56510e-01
8.46366e-01
9.80146e-01
8.80218e-01
8.97205e-01
9.01818e-01
9.04096e-01
9.02416e-01
9.02752e-01
8.69449e-01
8.81443e-01
9.73974e-01
8.79855e-01
9.37070e-01
9.12758e-01
9.16141e-01
8.86364e-01
9.18199e-01
9.20536e-01
9.46557e-01
8.82184e-01
9.53774e-01
9.08318e-01
9.23744e-01
9.23077e-01
9.24545e-01
8.82998e-01
8.93596e-01
9.43450e-01
8.78194e-01
7.56137e-01
9.40941e-01
9.30824e-01
9.16235e-01
7.82117e-01
9.10683e-01
9.27346e-01
9.19463e-01
8.74074e-01
9.81354e-01
7.84656e-01
8.94641e-01
9.26874e-01
9.47159e-01
8.66279e-01
7.84681e-01
9.19223e-01
8.42377e-01
9.25628e-01
9.17847e-01
8.97292e-01
8.55086e-01
8.30798e-01
9.15122e-01
8.96150e-01
9.06364e-01
9.03409e-01
8.71749e-01
9.31694e-01
9.56481e-01
9.11738e-01
8.13681e-01
8.88098e-01
9.04236e-01
9.39156e-01
9.23415e-01
8.79263e-01
8.98445e-01
9.02321e-01
9.30723e-01
9.17127e-01
8.57782e-01
8.82927e-01
7.99479e-01
9.59799e-01
9.63878e-01
7.28758e-01
9.17457e-01
8.98396e-01
9.64217e-01
9.02765e-01
8.99693e-01
8.98305e-01
8.87590e-01
7.72277e-01
8.93750e-01
9.18919e-01
8.97273e-01
9.12381e-01
9.59381e-01
9.78702e-01
9.10305e-01
9.08000e-01
9.26543e-01
9.32849e-01
9.02351e-01
9.54586e-01
9.31641e-01
8.76951e-01
9.50661e-01
9.39896e-01
8.81651e-01
8.93053e-01
9.88372e-01
8.78155e-01
9.07129e-01
9.72505e-01
8.80806e-01
9.10663e-01
8.51466e-01
9.19759e-01
8.75339e-01
9.04236e-01
9.26082e-01
9.16964e-01
8.37542e-01
9.13234e-01
9.39279e-01
8.37209e-01
8.96804e-01
9.85294e-01
8.96582e-01
9.32956e-01
9.17678e-01
9.46054e-01
9.29919e-01
9.39139e-01
8.62306e-01
8.94399e-01
9.12631e-01
8.74401e-01
9.19295e-01
9.24086e-01
9.14872e-01
9.62099e-01
9.02196e-01
9.61315e-01
8.90339e-01
7.96330e-01
8.92823e-01
9.08348e-01
8.35757e-01
8.42157e-01
9.02091e-01
9.07445e-01
9.18498e-01
9.52337e-01
8.15559e-01
8.97623e-01
9.23826e-01
8.34821e-01
8.63636e-01
9.07407e-01
8.02288e-01
9.53441e-01
8.59829e-01
8.78253e-01
9.33028e-01
9.19162e-01
9.55827e-01
9.14798e-01
9.02878e-01
7.66467e-01
8.54073e-01
8.59745e-01
8.58541e-01
8.78391e-01
8.89414e-01
8.53299e-01
9.16750e-01
9.04553e-01
8.99526e-01
8.16399e-01
9.14669e-01
9.35160e-01
9.37669e-01
9.37677e-01
8.97143e-01
9.81707e-01
9.55597e-01
8.31701e-01
8.56102e-01
9.01522e-01
8.58326e-01
9.11820e-01
8.66728e-01
8.99110e-01
8.76344e-01
9.21292e-01
9.62598e-01
8.98696e-01
8.41837e-01
8.77456e-01
9.35065e-01
8.41441e-01
9.76895e-01
9.06771e-01
9.38924e-01
8.90893e-01
9.70711e-01
8.92442e-01
9.43503e-01
9.46919e-01
7.06349e-01
8.85586e-01
9.35028e-01
9.08509e-01
7.31707e-01
8.96654e-01
9.80702e-01
7.94068e-01
8.72195e-01
6.10898e-01
9.33981e-01
7.76132e-01
8.69238e-01
9.44497e-01
9.48980e-01
8.66305e-01
9.65094e-01
7.70793e-01
7.80154e-01
9.14423e-01
9.12214e-01
9.06627e-01
9.29527e-01
9.21992e-01
9.33511e-01
9.81800e-01
9.23225e-01
8.72489e-01
8.60878e-01
8.39888e-01
8.73524e-01
9.72549e-01
8.69565e-01
9.83209e-01
9.09677e-01
9.54034e-01
9.00483e-01
9.10872e-01
8.10863e-01
8.86000e-01
8.91681e-01
9.11488e-01
8.67908e-01
8.48457e-01
8.64140e-01
9.04982e-01
9.16129e-01
7.95699e-01
8.19192e-01
9.54280e-01
9.57677e-01
9.74869e-01
9.05181e-01
9.22473e-01
7.14044e-01
8.93458e-01
7.67677e-01
9.00777e-01
9.04597e-01
9.54012e-01
9.13998e-01
9.52748e-01
9.32710e-01
9.14494e-01
7.77498e-01
9.58539e-01
8.41030e-01
9.19244e-01
9.14545e-01
9.34442e-01
9.38971e-01
9.18997e-01
8.75752e-01
8.98473e-01
7.45592e-01
8.97980e-01
9.19881e-01
9.72171e-01
9.26559e-01
9.24086e-01
9.40039e-01
8.49380e-01
9.08281e-01
8.97460e-01
9.57426e-01
8.26446e-01
9.01865e-01
9.07080e-01
9.32218e-01
8.93924e-01
8.24952e-01
8.55009e-01
7.65004e-01
9.62547e-01
9.17339e-01
9.01421e-01
8.82979e-01
9.02903e-01
9.43688e-01
9.25315e-01
8.35432e-01
8.94876e-01
7.22513e-01
8.89965e-01
8.25632e-01
8.94836e-01
7.98016e-01
8.93023e-01
9.48435e-01
9.27688e-01
8.75701e-01
9.21223e-01
7.62153e-01
7.86691e-01
8.75339e-01
9.59292e-01
9.50664e-01
9.76722e-01
8.72594e-01
8.94195e-01
8.00337e-01
8.06310e-01
9.17715e-01
9.27875e-01
9.49468e-01
9.01745e-01
9.12077e-01
9.11822e-01
8.22279e-01
9.06250e-01
9.37669e-01
9.45744e-01
9.16974e-01
8.57774e-01
9.30909e-01
9.24424e-01
9.15354e-01
9.56301e-01
8.18798e-01
8.82559e-01
9.30417e-01
8.20721e-01
8.85368e-01
8.43407e-01
8.55589e-01
8.84848e-01
8.70322e-01
9.26199e-01
9.17068e-01
8.67745e-01
9.17870e-01
9.70278e-01
9.32584e-01
9.32596e-01
9.36803e-01
8.97817e-01
9.15799e-01
9.42366e-01
9.69231e-01
8.80405e-01
9.51466e-01
8.83582e-01
9.00552e-01
9.11381e-01
7.08955e-01
8.74101e-01
9.57306e-01
8.96730e-01
9.33837e-01
8.28901e-01
9.04630e-01
7.16290e-01
7.61981e-01
9.54369e-01
8.47182e-01
8.88093e-01
9.34721e-01
8.65368e-01
8.88152e-01
9.36057e-01
9.20475e-01
9.63178e-01
8.28520e-01
9.33513e-01
6.49452e-01
7.79617e-01
8.78199e-01
9.17068e-01
8.75445e-01
9.27632e-01
8.94347e-01
8.88592e-01
9.41896e-01
6.02281e-01
8.40555e-01
8.72663e-01
8.94737e-01
9.61614e-01
9.01200e-01
9.47898e-01
9.08046e-01
8.45626e-01
9.18992e-01
9.74552e-01
9.62080e-01
8.88986e-01
9.74831e-01
9.13416e-01
8.66000e-01
7.93582e-01
7.49064e-01
9.50375e-01
9.37838e-01
8.44424e-01
9.37381e-01
9.51241e-01
9.22925e-01
9.11168e-01
9.49715e-01
9.28642e-01
9.10351e-01
9.50421e-01
9.31563e-01
9.33333e-01
9.52675e-01
9.49416e-01
9.89564e-01
9.71403e-01
7.69625e-01
9.77516e-01
9.49328e-01
9.51465e-01
9.63458e-01
9.63796e-01
9.54212e-01
9.39091e-01
9.41392e-01
9.31141e-01
9.65812e-01
9.68627e-01
9.33583e-01
8.87348e-01
9.79187e-01
9.83887e-01
9.62929e-01
9.20330e-01
8.67329e-01
9.33723e-01
8.79630e-01
9.24111e-01
9.53532e-01
9.45155e-01
8.17854e-01
9.47115e-01
8.45455e-01
9.17569e-01
9.25260e-01
8.76532e-01
9.94065e-01
9.75332e-01
8.15929e-01
9.11546e-01
9.66429e-01
9.48276e-01
9.67294e-01
8.28467e-01
9.59799e-01
9.60888e-01
9.86315e-01
9.72617e-01
8.67418e-01
9.36945e-01
6.47441e-01
9.39367e-01
9.25824e-01
9.25856e-01
9.59328e-01
9.58027e-01
9.11658e-01
9.66728e-01
9.09329e-01
9.61732e-01
9.44037e-01
8.90210e-01
9.47471e-01
9.86680e-01
9.68205e-01
8.47808e-01
9.55408e-01
9.42517e-01
9.72460e-01
8.41226e-01
9.08566e-01
9.56434e-01
8.38475e-01
9.58203e-01
9.76119e-01
9.77295e-01
9.69608e-01
7.92941e-01
9.35805e-01
9.84977e-01
6.65848e-01
9.25253e-01
6.16743e-01
9.38370e-01
9.51356e-01
9.86162e-01
9.56835e-01
7.94659e-01
9.51195e-01
9.54545e-01
9.78095e-01
8.31390e-01
9.18594e-01
9.51774e-01
8.33766e-01
9.59267e-01
9.69319e-01
9.36918e-01
9.59839e-01
9.72056e-01
9.28431e-01
8.77223e-01
9.68172e-01
8.93253e-01
9.49244e-01
9.95624e-01
7.72525e-01
9.60802e-01
8.00170e-01
9.75806e-01
8.01265e-01
7.96992e-01
9.15996e-01
9.64059e-01
9.85325e-01
9.31275e-01
9.74568e-01
9.06489e-01
9.43284e-01
9.27000e-01
9.31398e-01
9.55153e-01
8.25794e-01
9.76325e-01
7.77575e-01
9.61816e-01
9.29332e-01
8.12794e-01
9.36232e-01
9.26443e-01
7.53159e-01
8.91892e-01
9.74757e-01
7.15928e-01
9.63153e-01
9.09639e-01
9.45633e-01
9.80167e-01
9.72718e-01
9.65092e-01
9.32159e-01
9.48589e-01
9.65957e-01
9.44043e-01
6.57986e-01
8.84378e-01
9.43744e-01
9.09175e-01
9.43935e-01
9.64519e-01
9.72328e-01
9.70772e-01
9.45672e-01
9.51712e-01
9.74973e-01
9.57488e-01
9.70501e-01
9.79866e-01
8.73185e-01
9.66912e-01
9.43432e-01
7.72268e-01
9.38679e-01
8.91544e-01
9.80885e-01
9.50000e-01
9.52577e-01
9.79147e-01
8.43625e-01
9.49138e-01
8.68762e-01
9.65015e-01
9.11891e-01
9.67573e-01
8.40532e-01
9.59711e-01
9.73585e-01
9.02396e-01
9.66926e-01
9.81225e-01
9.10593e-01
7.13001e-01
9.81378e-01
9.36508e-01
9.46935e-01
9.70618e-01
9.65258e-01
6.91716e-01
9.76546e-01
9.45421e-01
8.69525e-01
9.71202e-01
9.51820e-01
9.66881e-01
8.54167e-01
7.24913e-01
9.40686e-01
9.78846e-01
9.68984e-01
9.08730e-01
9.68927e-01
9.71144e-01
9.58126e-01
9.62551e-01
9.78537e-01
9.64651e-01
7.26974e-01
8.93281e-01
9.66568e-01
8.59895e-01
8.25561e-01
9.62693e-01
9.42379e-01
8.90977e-01
9.11133e-01
9.00790e-01
9.59091e-01
9.36937e-01
8.58974e-01
9.20530e-01
9.70308e-01
7.99477e-01
9.15556e-01
9.57885e-01
9.39531e-01
9.33684e-01
9.67247e-01
9.73425e-01
9.65482e-01
9.44798e-01
9.85236e-01
9.57061e-01
8.79664e-01
9.63844e-01
8.92992e-01
9.73073e-01
9.85308e-01
9.36585e-01
9.29231e-01
7.61945e-01
8.41739e-01
8.76181e-01
9.73183e-01
8.90779e-01
8.63517e-01
9.69072e-01
7.14286e-01
9.57746e-01
9.61727e-01
9.78343e-01
9.35516e-01
9.47111e-01
9.47064e-01
9.81501e-01
9.00770e-01
9.75296e-01
8.83895e-01
9.68442e-01
8.92919e-01
8.35689e-01
8.14092e-01
9.54212e-01
9.40410e-01
7.18011e-01
9.62963e-01
9.39815e-01
9.65409e-01
8.77493e-01
9.36191e-01
9.15162e-01
9.67213e-01
9.38514e-01
8.80240e-01
9.11851e-01
5.60033e-01
9.55313e-01
8.83379e-01
8.61038e-01
9.56479e-01
9.16296e-01
8.75110e-01
9.24779e-01
9.76812e-01
9.47368e-01
8.16327e-01
9.56835e-01
6.02159e-01
9.45652e-01
8.99492e-01
9.42649e-01
9.51896e-01
9.69014e-01
9.67868e-01
5.86122e-01
8.48871e-01
7.39020e-01
9.38835e-01
8.97803e-01
9.64532e-01
9.54589e-01
9.69246e-01
9.74386e-01
9.55580e-01
9.66568e-01
9.53422e-01
7.36028e-01
9.53568e-01
9.46502e-01
9.18065e-01
8.50045e-01
9.15334e-01
9.71586e-01
8.50760e-01
8.69224e-01
9.65974e-01
6.76883e-01
9.85428e-01
9.73710e-01
9.20363e-01
9.27937e-01
9.68778e-01
6.52361e-01
9.24670e-01
9.74113e-01
8.53636e-01
9.83034e-01
9.73241e-01
8.83629e-01
9.04990e-01
9.84230e-01
9.72028e-01
9.71370e-01
9.79631e-01
9.62264e-01
9.78079e-01
9.29064e-01
8.92278e-01
9.20585e-01
9.11985e-01
9.69506e-01
9.51362e-01
9.61905e-01
9.10192e-01
9.05882e-01
9.14474e-01
7.80919e-01
6.36691e-01
7.60991e-01
9.48454e-01
8.37545e-01
9.80666e-01
9.83789e-01
9.39685e-01
9.04858e-01
9.75000e-01
9.25000e-01
6.96847e-01
9.52663e-01
9.54592e-01
9.67682e-01
9.63470e-01
9.78742e-01
9.40535e-01
9.36097e-01
8.79725e-01
9.78417e-01
8.78417e-01
9.62302e-01
7.81713e-01
9.48765e-01
9.51000e-01
9.66151e-01
9.62527e-01
9.12691e-01
8.48718e-01
9.50570e-01
9.51818e-01
8.95620e-01
9.50629e-01
9.39811e-01
9.72810e-01
9.74026e-01
9.72477e-01
9.76437e-01
9.53402e-01
7.21193e-01
9.50053e-01
6.00288e-01
9.32653e-01
9.62791e-01
8.04078e-01
9.51244e-01
9.75198e-01
9.48040e-01
9.44272e-01
9.57604e-01
8.96584e-01
9.24299e-01
9.66793e-01
9.37970e-01
9.19930e-01
9.64356e-01
9.35780e-01
9.74468e-01
8.32093e-01
8.93082e-01
9.60111e-01
9.24386e-01
9.67772e-01
9.60478e-01
9.10900e-01
7.71978e-01
9.86748e-01
9.17407e-01
7.26390e-01
9.32666e-01
9.46184e-01
9.64320e-01
9.44656e-01
9.47602e-01
9.90010e-01
9.72115e-01
8.34389e-01
8.34696e-01
8.26168e-01
8.86260e-01
9.39535e-01
8.83053e-01
9.29719e-01
9.58569e-01
9.67707e-01
9.62706e-01
9.66261e-01
9.50954e-01
9.57732e-01
9.84977e-01
9.31839e-01
7.11203e-01
9.79497e-01
9.76303e-01
9.19962e-01
9.67181e-01
9.51421e-01
9.78095e-01
8.81207e-01
9.46482e-01
9.65889e-01
9.65484e-01
9.85352e-01
9.53664e-01
9.38878e-01
9.63037e-01
7.95882e-01
7.33990e-01
7.37255e-01
9.00469e-01
9.56198e-01
8.16744e-01
9.04854e-01
8.87931e-01
9.53557e-01
7.53040e-01
8.71692e-01
9.67894e-01
9.31932e-01
9.30317e-01
9.71154e-01
8.77551e-01
9.09796e-01
9.81707e-01
9.61303e-01
8.33474e-01
9.58890e-01
9.18227e-01
9.63115e-01
7.53541e-01
8.82140e-01
7.77778e-01
9.81702e-01
6.60405e-01
9.43541e-01
9.59790e-01
9.63806e-01
9.49907e-01
9.78744e-01
9.60155e-01
9.63907e-01
9.63636e-01
9.34763e-01
9.40635e-01
9.32607e-01
8.75776e-01
7.47672e-01
9.50939e-01
8.63026e-01
9.75892e-01
9.67164e-01
9.02946e-01
8.44669e-01
8.48797e-01
9.13001e-01
9.10634e-01
9.03042e-01
7.60925e-01
9.36372e-01
8.38053e-01
9.40747e-01
9.82383e-01
9.25703e-01
8.73987e-01
8.85633e-01
9.25389e-01
9.85481e-01
7.81302e-01
9.54637e-01
8.55252e-01
9.40952e-01
9.01835e-01
9.17415e-01
9.63033e-01
9.19781e-01
8.92157e-01
9.28079e-01
8.89860e-01
8.74542e-01
8.14097e-01
9.08098e-01
8.95153e-01
9.17572e-01
8.43385e-01
9.50421e-01
8.77358e-01
7.91171e-01
9.78578e-01
8.34594e-01
9.22252e-01
9.02351e-01
9.07149e-01
8.89764e-01
8.79699e-01
9.09430e-01
9.35354e-01
9.27326e-01
8.56007e-01
8.53535e-01
7.99160e-01
8.53586e-01
9.11565e-01
8.42054e-01
8.78116e-01
8.52806e-01
9.15851e-01
6.65852e-01
9.60909e-01
8.65922e-01
9.15399e-01
9.59220e-01
9.10373e-01
9.85965e-01
9.34683e-01
9.00000e-01
7.46479e-01
9.68489e-01
8.73106e-01
9.45192e-01
9.79167e-01
9.32203e-01
8.36967e-01
8.83640e-01
9.64462e-01
9.02392e-01
9.31593e-01
8.77607e-01
9.26712e-01
9.13219e-01
8.50799e-01
8.51648e-01
9.81172e-01
7.85776e-01
9.19708e-01
9.06679e-01
9.23077e-01
9.29775e-01
8.90411e-01
8.18884e-01
8.88028e-01
9.77046e-01
8.96615e-01
9.41700e-01
9.00656e-01
9.04676e-01
8.48654e-01
9.11684e-01
9.45291e-01
9.25738e-01
8.76567e-01
9.21788e-01
9.26136e-01
9.25541e-01
9.27746e-01
9.26740e-01
9.01189e-01
8.82122e-01
9.42669e-01
8.20666e-01
7.39804e-01
9.02057e-01
9.22843e-01
9.20000e-01
8.69207e-01
9.00697e-01
9.43935e-01
9.02091e-01
8.92045e-01
9.84205e-01
8.36414e-01
9.17355e-01
9.42202e-01
9.35516e-01
8.47165e-01
7.78709e-01
9.13846e-01
8.44887e-01
9.31174e-01
9.47725e-01
8.90028e-01
8.51351e-01
8.18011e-01
9.09533e-01
9.21461e-01
9.04284e-01
8.81640e-01
8.56122e-01
9.47754e-01
9.66543e-01
9.17197e-01
7.60101e-01
8.90010e-01
9.07579e-01
9.57760e-01
9.22193e-01
8.93321e-01
8.80146e-01
9.45419e-01
9.24453e-01
9.07509e-01
8.71609e-01
8.79530e-01
7.86942e-01
9.58126e-01
9.65812e-01
8.10463e-01
8.88579e-01
8.98678e-01
9.66085e-01
9.17625e-01
9.05155e-01
8.84797e-01
8.90000e-01
7.79412e-01
8.70027e-01
9.21509e-01
8.96646e-01
9.01422e-01
9.70703e-01
9.61078e-01
9.38596e-01
9.06375e-01
9.13424e-01
9.13238e-01
8.93980e-01
9.40603e-01
9.14062e-01
8.71115e-01
9.30070e-01
9.56021e-01
8.82834e-01
9.28372e-01
9.88372e-01
9.03084e-01
9.16510e-01
9.65377e-01
8.82250e-01
9.17874e-01
8.70215e-01
9.22846e-01
8.91304e-01
9.10351e-01
9.22914e-01
9.08930e-01
8.47844e-01
9.06655e-01
8.93617e-01
8.54186e-01
8.85766e-01
9.61052e-01
8.79340e-01
9.26415e-01
9.33450e-01
9.64824e-01
9.26523e-01
9.35574e-01
8.42687e-01
9.16898e-01
9.01037e-01
8.44045e-01
9.27644e-01
9.23801e-01
8.26628e-01
9.79392e-01
9.13741e-01
9.61315e-01
8.77481e-01
8.15765e-01
9.12621e-01
8.79464e-01
8.39897e-01
8.56164e-01
8.95283e-01
9.17172e-01
9.16971e-01
9.44037e-01
8.84821e-01
8.77698e-01
9.16964e-01
8.77737e-01
8.65065e-01
8.85548e-01
8.06291e-01
9.56566e-01
9.00947e-01
8.77177e-01
9.24977e-01
9.26854e-01
9.66006e-01
8.89283e-01
8.77333e-01
7.75194e-01
7.82343e-01
8.77870e-01
8.85531e-01
8.91202e-01
9.21154e-01
8.51787e-01
9.11178e-01
8.97727e-01
9.06755e-01
8.25200e-01
9.40430e-01
9.32358e-01
9.35747e-01
8.74427e-01
8.96947e-01
9.85743e-01
9.51718e-01
7.88114e-01
7.43612e-01
8.69489e-01
8.88263e-01
9.03256e-01
8.57923e-01
9.29577e-01
8.95212e-01
9.19634e-01
9.51076e-01
9.16327e-01
9.33452e-01
8.62069e-01
9.02904e-01
8.87963e-01
9.69753e-01
8.37786e-01
9.63100e-01
8.42246e-01
9.65481e-01
8.38863e-01
9.49057e-01
9.28705e-01
8.71992e-01
9.00638e-01
8.98990e-01
9.15584e-01
7.27935e-01
9.13776e-01
9.46087e-01
9.62652e-01
8.99209e-01
6.06293e-01
9.51124e-01
8.23129e-01
8.59665e-01
9.47516e-01
9.64620e-01
8.80651e-01
9.71725e-01
7.80754e-01
8.12337e-01
8.90068e-01
9.65000e-01
9.18284e-01
9.27679e-01
9.32701e-01
9.09011e-01
9.69910e-01
9.21305e-01
8.55422e-01
8.44444e-01
8.27012e-01
8.66667e-01
9.70472e-01
8.48933e-01
9.75791e-01
9.20591e-01
9.50235e-01
8.99711e-01
9.08913e-01
7.47180e-01
8.75000e-01
8.94097e-01
9.30476e-01
8.22664e-01
8.68321e-01
8.44545e-01
9.33645e-01
9.09754e-01
8.27068e-01
8.19009e-01
9.59922e-01
9.73134e-01
9.71074e-01
9.08203e-01
9.32873e-01
7.40646e-01
8.60422e-01
7.50621e-01
9.12326e-01
9.03729e-01
9.49020e-01
8.81508e-01
9.53398e-01
9.36862e-01
8.90799e-01
8.35069e-01
9.61127e-01
8.51388e-01
9.20034e-01
9.18107e-01
9.39096e-01
9.31185e-01
8.77982e-01
8.81119e-01
8.77897e-01
7.26524e-01
9.19140e-01
9.13129e-01
9.67890e-01
9.11531e-01
9.22430e-01
9.49416e-01
8.51958e-01
9.15996e-01
8.96617e-01
9.63511e-01
7.98025e-01
9.05181e-01
8.66667e-01
9.31519e-01
8.83385e-01
8.52797e-01
8.70370e-01
7.48123e-01
9.58062e-01
9.13306e-01
8.97617e-01
9.00585e-01
9.10090e-01
9.33453e-01
9.38416e-01
8.54678e-01
8.92606e-01
7.21552e-01
9.08363e-01
8.13692e-01
8.78366e-01
7.89194e-01
9.03525e-01
9.43882e-01
9.18561e-01
8.61781e-01
9.58685e-01
7.50859e-01
7.93008e-01
8.59431e-01
9.60819e-01
9.53333e-01
9.77648e-01
8.39429e-01
8.95425e-01
8.05228e-01
7.77778e-01
9.16346e-01
9.12959e-01
9.29947e-01
8.82727e-01
9.41349e-01
9.07317e-01
8.23781e-01
8.83495e-01
9.35630e-01
9.36052e-01
9.50141e-01
9.01536e-01
9.43831e-01
9.14757e-01
9.33466e-01
9.66327e-01
7.97414e-01
9.01508e-01
9.28008e-01
8.11439e-01
8.86827e-01
8.56348e-01
8.67793e-01
9.02460e-01
8.97436e-01
9.37905e-01
9.00478e-01
8.99010e-01
9.33089e-01
9.74163e-01
9.24203e-01
9.32049e-01
9.29236e-01
8.76847e-01
9.28384e-01
9.49187e-01
9.43649e-01
8.73045e-01
9.52621e-01
8.14354e-01
9.15741e-01
9.11215e-01
7.11185e-01
8.86076e-01
9.55366e-01
9.23144e-01
9.29511e-01
8.29751e-01
9.08922e-01
7.49206e-01
8.07249e-01
9.53623e-01
8.56171e-01
8.96396e-01
9.41459e-01
8.80464e-01
8.81356e-01
9.32803e-01
9.21245e-01
9.76540e-01
8.43778e-01
9.58296e-01
6.13707e-01
8.30973e-01
8.82294e-01
9.05624e-01
8.81057e-01
9.27700e-01
8.98054e-01
9.02048e-01
9.58121e-01
6.63813e-01
8.44021e-01
8.67791e-01
9.04597e-01
9.23754e-01
8.58568e-01
9.18018e-01
8.90359e-01
8.67480e-01
9.11791e-01
9.69668e-01
9.43218e-01
8.80312e-01
9.80695e-01
9.16905e-01
8.76371e-01
7.93788e-01
8.73077e-01
9.38967e-01
9.27289e-01
8.43277e-01
9.36130e-01
9.30823e-01
9.28072e-01
9.04121e-01
9.21201e-01
9.18787e-01
9.10351e-01
9.53184e-01
9.10911e-01
9.29609e-01
9.48665e-01
9.48919e-01
9.80263e-01
9.69534e-01
7.71404e-01
9.89224e-01
9.30328e-01
9.74026e-01
9.74978e-01
9.56480e-01
9.50595e-01
9.05103e-01
9.52294e-01
8.56164e-01
9.70968e-01
9.68597e-01
9.64525e-01
8.81795e-01
9.72414e-01
9.66901e-01
9.54206e-01
9.20000e-01
8.79263e-01
9.39453e-01
8.78539e-01
9.22562e-01
9.52646e-01
9.40109e-01
7.80995e-01
9.47166e-01
8.58595e-01
9.17706e-01
9.39481e-01
8.87630e-01
9.95045e-01
9.67012e-01
7.84071e-01
9.31584e-01
9.61421e-01
9.49282e-01
9.68473e-01
8.31050e-01
9.62889e-01
9.60805e-01
9.83398e-01
9.79529e-01
9.00533e-01
9.32803e-01
6.05656e-01
9.47321e-01
9.31923e-01
9.23965e-01
9.54747e-01
9.63945e-01
9.08265e-01
9.67502e-01
9.09801e-01
9.59555e-01
9.60148e-01
8.87971e-01
8.42908e-01
9.81481e-01
9.68205e-01
8.32653e-01
9.86460e-01
9.35388e-01
9.63380e-01
8.49861e-01
8.99905e-01
9.16168e-01
6.82047e-01
9.59333e-01
9.84064e-01
9.84048e-01
9.69608e-01
8.15113e-01
9.44696e-01
9.85981e-01
6.77152e-01
9.14228e-01
5.74850e-01
9.42346e-01
9.58685e-01
9.83425e-01
9.51696e-01
7.54054e-01
9.39604e-01
9.53488e-01
9.78095e-01
8.50638e-01
9.25651e-01
9.53467e-01
8.08184e-01
9.63228e-01
9.71237e-01
9.46820e-01
9.68718e-01
9.71029e-01
9.09445e-01
8.40034e-01
9.57143e-01
8.97281e-01
9.60343e-01
9.94541e-01
7.34605e-01
9.65297e-01
8.31336e-01
9.59880e-01
7.95434e-01
8.05021e-01
8.85057e-01
9.64021e-01
9.85294e-01
9.47053e-01
9.75460e-01
9.37739e-01
9.22776e-01
9.29860e-01
9.16090e-01
9.62608e-01
8.18444e-01
9.91982e-01
8.15911e-01
9.50102e-01
9.25460e-01
8.04673e-01
9.39365e-01
9.38679e-01
7.62783e-01
8.89599e-01
9.77713e-01
7.74055e-01
9.64912e-01
9.13495e-01
9.83592e-01
9.72832e-01
9.68553e-01
9.69104e-01
9.34571e-01
9.61460e-01
9.84009e-01
9.46895e-01
6.54278e-01
9.11232e-01
9.42197e-01
9.08154e-01
9.45641e-01
9.75379e-01
9.73308e-01
9.64546e-01
9.44808e-01
9.41073e-01
9.60086e-01
9.43215e-01
9.76285e-01
9.67339e-01
8.72093e-01
9.80410e-01
9.44444e-01
8.04327e-01
9.30516e-01
8.60320e-01
9.77934e-01
9.37137e-01
9.50464e-01
9.81956e-01
8.50347e-01
9.45783e-01
8.92824e-01
9.53200e-01
9.42308e-01
9.64620e-01
8.24633e-01
9.74895e-01
9.76415e-01
8.70801e-01
9.72842e-01
9.83101e-01
9.18762e-01
7.68041e-01
9.84097e-01
8.92484e-01
9.48671e-01
9.68687e-01
9.58256e-01
6.89715e-01
9.78678e-01
9.32781e-01
8.54089e-01
9.72973e-01
9.33972e-01
9.71270e-01
8.70206e-01
7.74888e-01
9.30556e-01
9.91262e-01
9.57219e-01
9.11968e-01
9.70532e-01
9.71202e-01
9.55357e-01
9.73523e-01
9.78346e-01
9.61039e-01
7.33831e-01
9.26263e-01
9.64321e-01
8.68375e-01
8.76424e-01
9.55414e-01
9.42937e-01
9.17222e-01
8.79507e-01
8.59709e-01
9.60802e-01
9.32788e-01
9.01705e-01
9.31754e-01
9.66387e-01
8.34513e-01
9.03283e-01
9.67713e-01
9.13747e-01
9.16926e-01
9.73223e-01
9.71429e-01
9.68400e-01
9.54936e-01
9.83268e-01
9.64423e-01
8.68519e-01
9.52741e-01
8.89727e-01
9.76787e-01
9.84404e-01
9.52569e-01
9.30041e-01
7.40433e-01
8.37069e-01
9.38894e-01
9.71354e-01
8.88496e-01
8.63278e-01
9.60825e-01
7.34292e-01
9.67447e-01
9.65381e-01
9.74624e-01
9.07115e-01
9.58333e-01
9.41627e-01
9.88565e-01
9.03280e-01
9.77273e-01
9.14773e-01
9.67327e-01
9.00172e-01
8.13158e-01
8.18644e-01
9.00973e-01
9.69697e-01
7.78157e-01
9.62924e-01
9.19414e-01
9.68288e-01
8.53383e-01
9.41650e-01
9.30000e-01
9.71715e-01
9.47774e-01
8.92570e-01
8.99020e-01
6.44426e-01
9.37931e-01
9.00834e-01
8.67428e-01
9.64321e-01
9.19183e-01
8.79859e-01
9.47321e-01
9.69260e-01
9.84584e-01
8.02960e-01
9.65909e-01
5.97710e-01
9.47783e-01
8.94737e-01
9.35618e-01
9.26807e-01
9.67833e-01
9.72603e-01
6.68996e-01
8.35383e-01
8.13016e-01
9.70209e-01
8.85417e-01
9.67456e-01
9.54325e-01
9.72195e-01
9.60764e-01
9.52535e-01
9.69337e-01
9.62536e-01
7.14408e-01
9.39966e-01
9.50668e-01
9.03543e-01
8.56628e-01
9.24386e-01
9.67978e-01
8.33771e-01
8.75652e-01
9.65094e-01
6.87719e-01
9.84503e-01
9.71790e-01
9.18347e-01
9.36024e-01
9.76598e-01
7.06985e-01
9.23513e-01
9.61941e-01
8.72483e-01
9.85075e-01
9.49070e-01
8.98608e-01
9.24345e-01
9.75000e-01
9.70942e-01
9.73333e-01
9.76608e-01
9.54588e-01
9.76017e-01
9.41176e-01
9.03939e-01
9.66880e-01
9.07303e-01
9.52233e-01
9.57926e-01
9.69319e-01
9.33741e-01
8.97459e-01
9.10546e-01
7.51526e-01
6.35879e-01
7.70465e-01
9.51546e-01
8.41962e-01
9.73291e-01
9.77778e-01
9.43958e-01
9.02834e-01
9.75025e-01
9.31268e-01
6.51411e-01
9.55534e-01
9.49898e-01
9.69557e-01
9.63031e-01
9.73684e-01
9.46482e-01
9.20524e-01
8.91798e-01
9.79298e-01
8.57413e-01
9.56392e-01
7.97819e-01
9.50549e-01
9.59718e-01
9.75657e-01
9.56056e-01
9.03339e-01
8.40343e-01
9.50429e-01
9.57038e-01
8.79706e-01
9.54501e-01
9.59378e-01
9.50853e-01
9.59670e-01
9.47368e-01
9.85005e-01
9.20444e-01
7.08367e-01
9.50053e-01
6.43644e-01
9.45833e-01
9.71884e-01
8.03163e-01
9.37188e-01
9.62854e-01
9.36437e-01
9.40268e-01
9.54086e-01
9.11429e-01
9.25822e-01
9.74163e-01
9.18768e-01
9.31217e-01
9.66303e-01
9.51331e-01
9.69280e-01
7.89389e-01
8.87286e-01
9.55597e-01
9.25331e-01
9.53930e-01
9.63066e-01
9.14773e-01
7.67210e-01
9.90844e-01
9.31839e-01
7.28723e-01
9.54503e-01
9.46289e-01
9.80469e-01
9.37381e-01
9.56289e-01
9.60271e-01
9.73938e-01
8.15929e-01
8.26047e-01
8.14019e-01
8.93967e-01
9.61538e-01
8.00380e-01
9.68335e-01
9.65061e-01
9.57401e-01
9.62544e-01
9.57746e-01
9.34175e-01
9.52724e-01
9.79439e-01
9.24377e-01
6.95652e-01
9.72274e-01
9.67773e-01
9.38990e-01
9.67992e-01
9.55556e-01
9.82025e-01
9.00099e-01
9.37439e-01
9.62500e-01
9.68481e-01
9.81518e-01
9.64363e-01
9.42771e-01
9.64072e-01
7.80810e-01
7.50420e-01
7.23173e-01
8.92221e-01
9.61754e-01
7.63276e-01
9.12831e-01
8.96612e-01
9.53280e-01
7.54682e-01
8.29653e-01
9.63415e-01
9.40704e-01
9.28442e-01
9.63706e-01
8.70108e-01
9.22103e-01
9.75758e-01
9.60326e-01
8.73504e-01
9.50566e-01
9.37063e-01
9.66154e-01
8.12500e-01
8.35232e-01
6.90517e-01
9.79015e-01
6.69853e-01
9.43487e-01
9.64851e-01
9.45178e-01
9.52336e-01
9.80639e-01
9.31665e-01
9.65994e-01
9.62437e-01
9.41385e-01
9.23780e-01
9.45437e-01
8.52151e-01
9.20842e-01
9.76695e-01
8.84268e-01
9.67308e-01
9.67197e-01
9.16449e-01
8.46083e-01
8.49303e-01
9.18468e-01
9.24392e-01
9.01718e-01
7.57705e-01
9.29379e-01
8.25355e-01
9.43275e-01
9.82383e-01
9.34476e-01
8.81818e-01
8.90372e-01
9.18388e-01
9.70054e-01
8.05932e-01
9.63746e-01
8.82671e-01
9.45192e-01
8.90009e-01
9.25926e-01
9.71671e-01
9.07188e-01
8.88007e-01
9.23228e-01
9.06997e-01
8.73616e-01
8.15534e-01
9.01729e-01
8.81827e-01
9.14545e-01
8.38077e-01
9.73783e-01
8.73942e-01
7.99492e-01
9.82422e-01
8.23640e-01
9.31716e-01
9.12489e-01
9.07063e-01
8.98678e-01
8.68421e-01
9.24812e-01
9.42132e-01
9.26972e-01
8.61210e-01
8.76061e-01
8.20339e-01
8.84974e-01
9.14563e-01
8.40467e-01
8.81481e-01
8.36679e-01
9.12195e-01
6.79200e-01
9.54669e-01
8.51476e-01
9.20498e-01
9.55674e-01
9.14980e-01
9.83319e-01
9.11898e-01
8.86450e-01
7.35395e-01
9.72171e-01
8.82409e-01
9.27083e-01
9.71457e-01
9.05273e-01
8.54823e-01
8.90845e-01
9.61614e-01
8.94487e-01
9.26457e-01
8.75451e-01
9.27466e-01
9.18099e-01
8.45070e-01
8.37421e-01
9.82199e-01
8.10026e-01
9.09420e-01
9.05369e-01
9.19192e-01
9.19145e-01
8.92139e-01
8.34489e-01
8.96791e-01
9.67164e-01
9.00274e-01
9.41642e-01
9.10462e-01
8.97849e-01
8.89205e-01
9.21587e-01
9.48509e-01
9.37628e-01
8.68195e-01
9.31776e-01
9.17939e-01
9.11993e-01
8.69606e-01
9.35780e-01
8.90411e-01
8.94841e-01
9.41675e-01
8.47733e-01
7.35941e-01
9.41000e-01
8.85602e-01
9.14360e-01
8.85655e-01
9.14838e-01
9.16000e-01
9.17148e-01
8.97824e-01
9.87116e-01
8.40741e-01
8.68161e-01
9.45822e-01
9.51000e-01
8.62957e-01
7.90363e-01
9.05392e-01
8.59118e-01
9.23848e-01
9.18944e-01
8.92523e-01
8.60958e-01
8.16307e-01
9.07588e-01
9.12058e-01
9.03724e-01
8.87112e-01
8.44797e-01
9.51376e-01
9.70205e-01
9.15378e-01
8.38475e-01
8.76008e-01
9.13043e-01
9.47059e-01
9.32039e-01
8.88683e-01
8.95413e-01
9.30596e-01
9.24303e-01
9.17821e-01
8.61011e-01
8.65049e-01
8.22552e-01
9.56957e-01
9.64015e-01
8.26460e-01
8.95229e-01
9.06810e-01
9.68208e-01
9.16427e-01
9.00206e-01
8.85122e-01
8.80288e-01
7.54217e-01
8.94170e-01
9.11000e-01
9.19963e-01
9.14995e-01
9.72576e-01
9.70737e-01
9.30368e-01
9.18919e-01
9.14729e-01
9.21218e-01
8.96150e-01
9.38272e-01
9.18208e-01
8.54034e-01
9.39685e-01
9.51477e-01
8.92237e-01
8.82353e-01
9.89331e-01
9.09814e-01
9.10630e-01
9.76555e-01
8.74126e-01
9.26428e-01
8.72986e-01
9.05660e-01
9.02504e-01
9.04364e-01
9.19662e-01
9.21147e-01
8.49362e-01
9.15136e-01
8.98131e-01
8.60399e-01
8.88182e-01
9.73684e-01
8.80000e-01
9.25331e-01
9.28447e-01
9.49405e-01
9.23077e-01
9.43044e-01
8.40272e-01
9.23006e-01
9.13907e-01
8.25679e-01
9.15363e-01
9.17680e-01
8.26832e-01
9.69786e-01
9.07371e-01
9.58534e-01
8.69037e-01
8.06422e-01
9.07336e-01
8.87299e-01
8.48927e-01
8.79327e-01
9.13958e-01
9.19273e-01
9.21124e-01
9.57604e-01
8.31123e-01
8.52444e-01
9.29653e-01
8.79342e-01
8.50554e-01
8.87914e-01
8.24459e-01
9.38259e-01
9.10201e-01
8.73148e-01
9.40147e-01
9.08284e-01
9.64929e-01
8.90861e-01
8.97138e-01
7.71136e-01
8.84372e-01
8.73626e-01
8.71468e-01
9.01328e-01
9.33526e-01
8.50694e-01
9.27928e-01
9.03084e-01
8.95283e-01
8.04060e-01
9.20039e-01
9.12455e-01
9.31284e-01
8.87246e-01
8.97901e-01
9.84741e-01
9.49767e-01
8.24050e-01
8.54927e-01
9.00901e-01
8.67525e-01
9.03166e-01
8.61848e-01
9.26633e-01
8.78924e-01
9.36928e-01
9.55621e-01
9.07258e-01
9.09728e-01
8.75468e-01
8.99354e-01
8.90538e-01
9.74217e-01
9.14116e-01
9.43379e-01
8.67873e-01
9.75764e-01
8.54947e-01
9.43503e-01
9.19070e-01
8.81951e-01
8.79388e-01
8.86654e-01
9.18274e-01
7.62656e-01
9.16667e-01
9.50218e-01
9.32532e-01
8.94269e-01
5.90666e-01
9.54012e-01
8.14941e-01
8.79925e-01
9.52652e-01
9.70681e-01
8.74662e-01
9.73510e-01
7.59843e-01
7.75063e-01
8.88781e-01
9.43114e-01
9.20732e-01
9.31677e-01
9.33775e-01
9.14537e-01
9.52144e-01
9.19231e-01
8.68581e-01
8.59142e-01
8.39774e-01
8.73439e-01
9.63796e-01
8.60465e-01
9.78545e-01
9.13204e-01
9.51174e-01
9.09003e-01
9.15604e-01
7.39456e-01
8.76482e-01
9.14035e-01
9.13662e-01
8.75336e-01
8.70019e-01
8.50773e-01
9.06250e-01
8.99457e-01
7.98030e-01
8.07302e-01
9.58171e-01
9.75100e-01
9.61856e-01
9.05550e-01
9.27165e-01
7.26817e-01
8.88268e-01
7.97101e-01
9.18919e-01
9.12402e-01
9.63475e-01
8.93406e-01
9.33523e-01
9.41231e-01
9.45148e-01
8.20380e-01
9.55969e-01
8.47807e-01
9.25734e-01
9.26740e-01
9.33529e-01
9.36411e-01
8.93657e-01
8.79602e-01
8.93213e-01
7.55239e-01
9.06977e-01
8.98438e-01
9.75948e-01
9.29435e-01
9.14259e-01
9.50292e-01
8.80814e-01
9.19137e-01
8.82791e-01
9.55665e-01
7.95170e-01
9.06863e-01
9.34959e-01
9.18332e-01
9.07098e-01
8.43537e-01
8.61282e-01
7.67720e-01
9.62512e-01
9.18099e-01
8.88889e-01
8.95914e-01
8.97308e-01
9.21638e-01
9.36399e-01
8.37478e-01
8.71080e-01
7.16251e-01
9.07391e-01
8.13913e-01
8.95872e-01
7.97491e-01
8.79963e-01
9.55556e-01
9.35115e-01
8.77456e-01
9.30168e-01
7.42128e-01
8.02752e-01
8.77477e-01
9.62433e-01
9.43182e-01
9.75681e-01
8.52888e-01
8.88683e-01
8.33333e-01
8.17857e-01
9.04853e-01
9.31507e-01
9.39716e-01
8.82407e-01
9.19182e-01
8.93474e-01
8.52431e-01
8.78613e-01
9.34247e-01
9.42272e-01
9.26168e-01
9.21676e-01
9.32904e-01
9.23643e-01
9.30693e-01
9.59225e-01
7.52451e-01
8.85965e-01
9.33663e-01
8.13274e-01
9.05519e-01
8.30601e-01
8.73747e-01
8.88601e-01
9.07060e-01
9.35125e-01
9.10134e-01
9.12957e-01
9.22727e-01
9.77885e-01
9.31483e-01
9.26337e-01
9.30297e-01
8.79293e-01
9.15078e-01
9.51120e-01
9.37381e-01
8.91589e-01
9.48692e-01
8.47890e-01
9.07407e-01
9.08497e-01
6.91674e-01
8.89292e-01
9.55408e-01
8.94646e-01
9.36613e-01
8.23938e-01
9.06741e-01
7.53994e-01
7.93355e-01
9.54589e-01
8.56450e-01
8.95255e-01
9.43269e-01
8.93178e-01
8.81179e-01
9.32921e-01
9.26538e-01
9.68962e-01
8.39237e-01
9.25893e-01
6.45914e-01
8.00877e-01
9.00609e-01
8.99144e-01
8.55634e-01
9.28972e-01
8.89503e-01
9.00893e-01
9.49239e-01
6.32025e-01
8.43290e-01
8.66310e-01
9.01384e-01
9.48667e-01
8.89397e-01
9.33757e-01
8.91509e-01
8.85260e-01
8.96429e-01
9.76281e-01
9.60512e-01
8.83275e-01
9.81696e-01
9.34803e-01
8.68577e-01
8.12609e-01
7.81221e-01
9.47566e-01
9.37557e-01
8.32889e-01
9.30608e-01
9.42681e-01
