7.92751e-01
8.54015e-01
8.94009e-01
8.65616e-01
8.84651e-01
9.14522e-01
9.17248e-01
8.42495e-01
8.75250e-01
8.79699e-01
9.57759e-01
9.70297e-01
7.54653e-01
9.61134e-01
9.07921e-01
9.37330e-01
8.93486e-01
8.23529e-01
9.67623e-01
8.54497e-01
9.08118e-01
9.26039e-01
9.53878e-01
9.58944e-01
8.64791e-01
8.68122e-01
9.64602e-01
9.75855e-01
9.37500e-01
8.58896e-01
8.54839e-01
8.75823e-01
7.05736e-01
8.81690e-01
9.56075e-01
9.48905e-01
7.77873e-01
9.27550e-01
7.92553e-01
9.22314e-01
9.42439e-01
8.35145e-01
9.81299e-01
7.63468e-01
7.94014e-01
9.06134e-01
9.33668e-01
8.97170e-01
9.12835e-01
8.26568e-01
9.30187e-01
9.71185e-01
9.87255e-01
9.52381e-01
8.74241e-01
9.23961e-01
6.36290e-01
9.12049e-01
8.75325e-01
8.36484e-01
9.39207e-01
8.53922e-01
8.35069e-01
9.47368e-01
9.24891e-01
9.49950e-01
9.00089e-01
8.68778e-01
9.01923e-01
9.89723e-01
9.56432e-01
8.64379e-01
9.52113e-01
9.58418e-01
9.18463e-01
8.64815e-01
8.79507e-01
9.35288e-01
8.24125e-01
8.91578e-01
9.70385e-01
9.69578e-01
8.99267e-01
7.83361e-01
9.52295e-01
9.67682e-01
8.87774e-01
9.15323e-01
7.47191e-01
9.29342e-01
9.39227e-01
9.72752e-01
9.59100e-01
7.11624e-01
9.62963e-01
9.26758e-01
9.53555e-01
8.09739e-01
9.18721e-01
8.68810e-01
8.36770e-01
9.58628e-01
9.72089e-01
9.37307e-01
9.63746e-01
9.29051e-01
8.97361e-01
8.89465e-01
9.29364e-01
8.74119e-01
9.16493e-01
9.78214e-01
8.56867e-01
9.13315e-01
7.50825e-01
9.62488e-01
8.19795e-01
7.72496e-01
8.64935e-01
9.79873e-01
9.67775e-01
9.32607e-01
9.35678e-01
8.27239e-01
8.93555e-01
9.17740e-01
9.08696e-01
9.60265e-01
7.28271e-01
8.94908e-01
8.69275e-01
9.23464e-01
8.73092e-01
7.84367e-01
9.01578e-01
8.23148e-01
6.72859e-01
8.77477e-01
9.55492e-01
6.94399e-01
9.49948e-01
9.65642e-01
8.75108e-01
9.14172e-01
8.76754e-01
9.53368e-01
8.60086e-01
9.52477e-01
9.67707e-01
9.26614e-01
6.02871e-01
8.86042e-01
8.81614e-01
8.85036e-01
9.15020e-01
9.18123e-01
9.64627e-01
9.54686e-01
9.27054e-01
8.71429e-01
9.61249e-01
9.15319e-01
9.54545e-01
9.73129e-01
9.24901e-01
9.20073e-01
9.32331e-01
7.54768e-01
8.66364e-01
8.58813e-01
9.35547e-01
9.64356e-01
9.51646e-01
9.69783e-01
8.54437e-01
8.68463e-01
7.43590e-01
8.87955e-01
9.09475e-01
9.52724e-01
6.58613e-01
9.33809e-01
9.58525e-01
8.76298e-01
9.51550e-01
9.81225e-01
8.81912e-01
7.79275e-01
9.58372e-01
7.54098e-01
9.22868e-01
9.35231e-01
9.28638e-01
5.00762e-01
9.75532e-01
8.54497e-01
8.18596e-01
9.56522e-01
9.44444e-01
8.92696e-01
8.87310e-01
7.07692e-01
9.07493e-01
8.86551e-01
9.26195e-01
9.02750e-01
9.27083e-01
9.53876e-01
9.24805e-01
9.67839e-01
9.68147e-01
9.12613e-01
6.85338e-01
8.97253e-01
9.60310e-01
7.63901e-01
8.69681e-01
6.93862e-01
9.40131e-01
8.27273e-01
8.74280e-01
8.76335e-01
9.24162e-01
9.28375e-01
8.49003e-01
9.52607e-01
9.24352e-01
7.84364e-01
9.01873e-01
9.23826e-01
8.90991e-01
9.02993e-01
8.99316e-01
9.79980e-01
9.58932e-01
9.07332e-01
9.90157e-01
9.59809e-01
8.83333e-01
9.33775e-01
8.79586e-01
9.42379e-01
8.52694e-01
9.52239e-01
9.30399e-01
7.64363e-01
8.22204e-01
7.94497e-01
9.20918e-01
8.68651e-01
8.64241e-01
8.94221e-01
5.66989e-01
9.72449e-01
9.61840e-01
9.70093e-01
8.58779e-01
9.57299e-01
9.09091e-01
9.32353e-01
8.85568e-01
9.70414e-01
9.44336e-01
9.11793e-01
8.63714e-01
8.10149e-01
8.07500e-01
9.30467e-01
9.24581e-01
5.93333e-01
9.71030e-01
9.14657e-01
9.42288e-01
8.23956e-01
8.77413e-01
9.45750e-01
8.55615e-01
9.21552e-01
9.08811e-01
8.56008e-01
6.79761e-01
9.29893e-01
8.69210e-01
8.55379e-01
8.89423e-01
8.77034e-01
8.90830e-01
8.01352e-01
9.44177e-01
7.83133e-01
8.34270e-01
9.26074e-01
6.11068e-01
9.55357e-01
8.65366e-01
9.46392e-01
9.42752e-01
9.36862e-01
9.56606e-01
5.94463e-01
8.08671e-01
6.15142e-01
8.66405e-01
8.75238e-01
9.52055e-01
8.98386e-01
9.53695e-01
8.71327e-01
9.42308e-01
9.39512e-01
8.93158e-01
7.41224e-01
9.42142e-01
8.96620e-01
8.88126e-01
7.46967e-01
8.32474e-01
9.88095e-01
7.55068e-01
8.85017e-01
9.37616e-01
6.34310e-01
9.69643e-01
8.83657e-01
9.30373e-01
8.65421e-01
9.68525e-01
5.89984e-01
9.12676e-01
9.24457e-01
8.20348e-01
9.33852e-01
9.74925e-01
9.43935e-01
8.70968e-01
9.72628e-01
9.61732e-01
9.43396e-01
9.33718e-01
9.63138e-01
9.64361e-01
9.25816e-01
8.78211e-01
7.95066e-01
9.32727e-01
9.01296e-01
8.97864e-01
9.47955e-01
9.00200e-01
8.69487e-01
8.70849e-01
6.77210e-01
6.61661e-01
6.54726e-01
9.52479e-01
8.19964e-01
9.65153e-01
9.46535e-01
8.03874e-01
8.66010e-01
9.53280e-01
9.17715e-01
5.91374e-01
9.57256e-01
8.38803e-01
9.45471e-01
9.46412e-01
9.65458e-01
9.60357e-01
8.85810e-01
8.13587e-01
9.66192e-01
7.33333e-01
9.60961e-01
8.14335e-01
9.31159e-01
8.12099e-01
9.36170e-01
9.68683e-01
9.66543e-01
7.78709e-01
9.34823e-01
8.63958e-01
8.57143e-01
9.25785e-01
8.81818e-01
9.34718e-01
8.89982e-01
9.52594e-01
9.55307e-01
9.64453e-01
8.47918e-01
9.43796e-01
6.22302e-01
9.20000e-01
9.47706e-01
8.44404e-01
8.98746e-01
9.16667e-01
9.33817e-01
8.07583e-01
9.08850e-01
8.60617e-01
9.36372e-01
9.64015e-01
8.87963e-01
9.25991e-01
9.35231e-01
9.32234e-01
9.43158e-01
6.69434e-01
8.45536e-01
9.31193e-01
9.08672e-01
9.26222e-01
9.35484e-01
9.05431e-01
6.70984e-01
9.68560e-01
9.00448e-01
6.14065e-01
9.43482e-01
9.59123e-01
9.62572e-01
9.03738e-01
9.35772e-01
9.20709e-01
8.91917e-01
8.46295e-01
8.57537e-01
7.13781e-01
8.63884e-01
9.35454e-01
7.00351e-01
9.35580e-01
9.12409e-01
9.25342e-01
8.82662e-01
9.46729e-01
9.41441e-01
8.97512e-01
9.88647e-01
9.11170e-01
5.78506e-01
7.29796e-01
9.67105e-01
8.77629e-01
9.61941e-01
8.63303e-01
9.52741e-01
8.42254e-01
9.43340e-01
9.28699e-01
9.17137e-01
9.87329e-01
9.30108e-01
9.39759e-01
9.49203e-01
8.21525e-01
7.13619e-01
7.20187e-01
8.28700e-01
9.85981e-01
6.93043e-01
9.04716e-01
7.92087e-01
9.24125e-01
7.38544e-01
8.48700e-01
9.50514e-01
9.54453e-01
9.34944e-01
9.43074e-01
7.50399e-01
8.89623e-01
9.17647e-01
9.26411e-01
8.61702e-01
9.55761e-01
7.87234e-01
9.24000e-01
7.18924e-01
9.50230e-01
6.75061e-01
9.70962e-01
6.69118e-01
8.66972e-01
9.49301e-01
9.04665e-01
8.86996e-01
9.67992e-01
9.28161e-01
9.19456e-01
9.41767e-01
8.64556e-01
9.22613e-01
9.49355e-01
8.04857e-01
9.16246e-01
8.84929e-01
8.35993e-01
9.53200e-01
9.56479e-01
8.61981e-01
7.96064e-01
8.27891e-01
9.08113e-01
9.03111e-01
7.99257e-01
7.74359e-01
8.68687e-01
8.23689e-01
9.39982e-01
9.56389e-01
8.81897e-01
7.85776e-01
8.60640e-01
7.32591e-01
9.39694e-01
8.56266e-01
9.29719e-01
8.28797e-01
8.47764e-01
8.76600e-01
8.74120e-01
9.31354e-01
9.06893e-01
8.80637e-01
8.84690e-01
8.62012e-01
7.51912e-01
7.55556e-01
8.77477e-01
8.44028e-01
8.44212e-01
8.24155e-01
9.21514e-01
8.35145e-01
8.77100e-01
9.84298e-01
8.08295e-01
8.88694e-01
7.78063e-01
9.27412e-01
8.32340e-01
8.91013e-01
8.96296e-01
8.92927e-01
8.84432e-01
8.47807e-01
8.70479e-01
7.66028e-01
9.08896e-01
8.99135e-01
7.86993e-01
8.40580e-01
7.65411e-01
8.77010e-01
6.75528e-01
8.90517e-01
8.09695e-01
8.95038e-01
9.19930e-01
8.48337e-01
9.50920e-01
8.97230e-01
8.63039e-01
6.60520e-01
9.30147e-01
8.08728e-01
8.73383e-01
9.74104e-01
9.05882e-01
7.91934e-01
8.37998e-01
9.27606e-01
8.68519e-01
9.23423e-01
8.41355e-01
8.98370e-01
8.96657e-01
8.60892e-01
8.02188e-01
9.76042e-01
8.06878e-01
8.64198e-01
8.82353e-01
9.51844e-01
9.05116e-01
8.52547e-01
7.88841e-01
7.98826e-01
9.47473e-01
8.78378e-01
9.01544e-01
8.97484e-01
9.02396e-01
8.17930e-01
9.06449e-01
9.17415e-01
9.46502e-01
7.74750e-01
8.55032e-01
8.23899e-01
8.25041e-01
9.17228e-01
8.88288e-01
7.86828e-01
9.18408e-01
8.70939e-01
8.09951e-01
6.79507e-01
9.06190e-01
9.26531e-01
8.22848e-01
8.28335e-01
7.56000e-01
8.83858e-01
8.72778e-01
8.52535e-01
9.58574e-01
8.17453e-01
8.54881e-01
9.26364e-01
9.11220e-01
7.34744e-01
7.34198e-01
8.82591e-01
7.52912e-01
8.36346e-01
9.17861e-01
8.15081e-01
8.89610e-01
8.65772e-01
8.64423e-01
8.69912e-01
8.68327e-01
8.86704e-01
7.82572e-01
8.62500e-01
9.15544e-01
8.00343e-01
8.00183e-01
8.41691e-01
8.27986e-01
9.29195e-01
8.52792e-01
9.10280e-01
8.24670e-01
9.09709e-01
9.08193e-01
8.19383e-01
8.36590e-01
8.23194e-01
7.64200e-01
8.74280e-01
8.91501e-01
6.81240e-01
8.94886e-01
8.55252e-01
9.52703e-01
8.58986e-01
8.41633e-01
8.44940e-01
7.69363e-01
7.41491e-01
9.38126e-01
8.89655e-01
9.41450e-01
8.48066e-01
9.68719e-01
9.23464e-01
8.96154e-01
8.86275e-01
9.03790e-01
9.09009e-01
8.81625e-01
8.91660e-01
8.47573e-01
7.53954e-01
8.98363e-01
9.56204e-01
8.81810e-01
8.64482e-01
9.70902e-01
8.87826e-01
8.50000e-01
9.63340e-01
8.77285e-01
9.09610e-01
8.38041e-01
8.23251e-01
7.90026e-01
8.88786e-01
8.68769e-01
8.88307e-01
7.56601e-01
8.88985e-01
8.43494e-01
8.71673e-01
8.58951e-01
9.53890e-01
8.90043e-01
8.96200e-01
8.44555e-01
9.09884e-01
8.01016e-01
8.82353e-01
8.57513e-01
8.90611e-01
8.77665e-01
8.38318e-01
9.06422e-01
8.90244e-01
8.89676e-01
9.64217e-01
8.58790e-01
9.64981e-01
7.38228e-01
8.51921e-01
8.25688e-01
9.11392e-01
7.99163e-01
8.46979e-01
8.76980e-01
8.85742e-01
8.59008e-01
9.41924e-01
8.34798e-01
8.36379e-01
9.23278e-01
8.16273e-01
8.95338e-01
8.58500e-01
8.65864e-01
9.09183e-01
8.23878e-01
8.53704e-01
9.14234e-01
7.89572e-01
9.42561e-01
9.11738e-01
8.56153e-01
7.53170e-01
7.05738e-01
7.88462e-01
8.58423e-01
8.51301e-01
8.63383e-01
7.84641e-01
9.11794e-01
8.53165e-01
8.78704e-01
8.02315e-01
8.79195e-01
8.74225e-01
8.98410e-01
8.93023e-01
8.66416e-01
9.71545e-01
8.81416e-01
7.65625e-01
9.23368e-01
8.45550e-01
7.44532e-01
8.60401e-01
8.17368e-01
8.74153e-01
9.56034e-01
8.75365e-01
9.58661e-01
8.71287e-01
9.20914e-01
8.74539e-01
8.34526e-01
8.66047e-01
9.67919e-01
8.44081e-01
9.33089e-01
8.61524e-01
9.61216e-01
8.49858e-01
8.54824e-01
9.16201e-01
9.49495e-01
8.86076e-01
9.28638e-01
8.32740e-01
6.55063e-01
8.92157e-01
9.20277e-01
9.46296e-01
8.88350e-01
6.59524e-01
8.47846e-01
7.18799e-01
8.09041e-01
9.32282e-01
9.14286e-01
7.82307e-01
9.16292e-01
7.73585e-01
6.09113e-01
8.29787e-01
8.83459e-01
9.16836e-01
8.81034e-01
9.12963e-01
9.33157e-01
9.58042e-01
8.19583e-01
8.07857e-01
8.57009e-01
7.65071e-01
7.94304e-01
9.64113e-01
8.07103e-01
9.67502e-01
9.03738e-01
9.46579e-01
8.77934e-01
8.60952e-01
7.16929e-01
8.33333e-01
7.93333e-01
9.00282e-01
7.50809e-01
8.40077e-01
8.39483e-01
9.14127e-01
8.58917e-01
7.47549e-01
8.17547e-01
9.52148e-01
9.58824e-01
9.69008e-01
8.87283e-01
9.00387e-01
7.73266e-01
8.30755e-01
7.71055e-01
8.61017e-01
9.10345e-01
9.26805e-01
8.84191e-01
8.87417e-01
9.55014e-01
8.70482e-01
7.40408e-01
9.38916e-01
7.93566e-01
9.04561e-01
8.52734e-01
8.90805e-01
8.97371e-01
8.75696e-01
7.91707e-01
8.37270e-01
7.36928e-01
8.73494e-01
8.48859e-01
9.47225e-01
8.60236e-01
8.90009e-01
8.89098e-01
8.15516e-01
8.81625e-01
8.43263e-01
9.23604e-01
8.75231e-01
8.75240e-01
9.15695e-01
8.76910e-01
8.53119e-01
7.53888e-01
8.00173e-01
8.28444e-01
9.63619e-01
8.71032e-01
8.53093e-01
8.73805e-01
7.89376e-01
9.18165e-01
8.80455e-01
6.43735e-01
8.52107e-01
8.10376e-01
8.88691e-01
8.43257e-01
8.49315e-01
7.76106e-01
8.48457e-01
8.92086e-01
8.72576e-01
8.54630e-01
8.79326e-01
7.31810e-01
7.37864e-01
8.84932e-01
9.47461e-01
9.24953e-01
9.54067e-01
8.46507e-01
8.43029e-01
8.09053e-01
7.21649e-01
9.15950e-01
8.53774e-01
9.16961e-01
8.00352e-01
7.06597e-01
8.66412e-01
8.01855e-01
8.55491e-01
9.17192e-01
9.08676e-01
8.98072e-01
8.88789e-01
9.50139e-01
8.82671e-01
8.96618e-01
9.50455e-01
7.55354e-01
8.41065e-01
8.53473e-01
7.21284e-01
8.83379e-01
8.09264e-01
8.11637e-01
8.28597e-01
8.01533e-01
9.30403e-01
8.55545e-01
7.62990e-01
9.09666e-01
9.74359e-01
7.78223e-01
9.14851e-01
9.08098e-01
8.57708e-01
9.23684e-01
9.03353e-01
9.42015e-01
8.65989e-01
9.45219e-01
8.02113e-01
9.07981e-01
8.41256e-01
6.46192e-01
8.42857e-01
9.50560e-01
8.66949e-01
9.04186e-01
7.61460e-01
8.55848e-01
7.59677e-01
6.82759e-01
7.15694e-01
8.06542e-01
8.10928e-01
9.01501e-01
7.76522e-01
7.06824e-01
8.59227e-01
8.94737e-01
8.77799e-01
9.22575e-01
8.98846e-01
7.90756e-01
8.09392e-01
8.70370e-01
8.59389e-01
9.15531e-01
8.65766e-01
8.27149e-01
8.63715e-01
9.39638e-01
6.07634e-01
6.85510e-01
8.54430e-01
8.33607e-01
9.29204e-01
8.01668e-01
9.00270e-01
8.38889e-01
9.33769e-01
9.13122e-01
9.51796e-01
7.79147e-01
8.70912e-01
9.62099e-01
8.61368e-01
8.22967e-01
7.48111e-01
7.88049e-01
8.90597e-01
8.81683e-01
8.64051e-01
9.04453e-01
9.29072e-01
7.08916e-01
8.87179e-01
9.07749e-01
8.84981e-01
8.70556e-01
9.10681e-01
9.20160e-01
8.93362e-01
9.53320e-01
9.25747e-01
8.65140e-01
9.40550e-01
7.48098e-01
9.77492e-01
9.09548e-01
9.46315e-01
9.19571e-01
8.34696e-01
9.54839e-01
8.37148e-01
9.34366e-01
9.59142e-01
9.54449e-01
9.55383e-01
8.71935e-01
8.59756e-01
9.59606e-01
9.52286e-01
9.26364e-01
8.11744e-01
8.57909e-01
9.02111e-01
6.88871e-01
9.37198e-01
9.63913e-01
9.48323e-01
8.19672e-01
9.49515e-01
7.34266e-01
9.07285e-01
9.00980e-01
8.54148e-01
9.94065e-01
7.78912e-01
8.24195e-01
9.22066e-01
9.22311e-01
9.17614e-01
8.91407e-01
7.83710e-01
9.44500e-01
9.72103e-01
9.84360e-01
9.49754e-01
8.87916e-01
9.23145e-01
6.03645e-01
8.97007e-01
8.77285e-01
8.18868e-01
9.19369e-01
8.95314e-01
8.55263e-01
9.50909e-01
9.06115e-01
9.55779e-01
8.34206e-01
8.68705e-01
9.46654e-01
9.84615e-01
9.63918e-01
8.74267e-01
9.52830e-01
9.67413e-01
9.18594e-01
8.56343e-01
8.99144e-01
9.26074e-01
8.07306e-01
8.73529e-01
9.74257e-01
9.71513e-01
9.12118e-01
6.69440e-01
9.46799e-01
9.71270e-01
9.14991e-01
9.00202e-01
7.65534e-01
8.22491e-01
9.34486e-01
9.65735e-01
9.47422e-01
7.05365e-01
9.22244e-01
9.56301e-01
9.56398e-01
8.07971e-01
9.16974e-01
8.83968e-01
8.38494e-01
9.56478e-01
9.78744e-01
9.09828e-01
9.60526e-01
9.41804e-01
9.02941e-01
8.82353e-01
9.24547e-01
8.90562e-01
9.20128e-01
9.72707e-01
8.31244e-01
8.71192e-01
6.25191e-01
9.09091e-01
7.74978e-01
8.00525e-01
8.75433e-01
9.74657e-01
9.66667e-01
9.34000e-01
9.57831e-01
8.29690e-01
9.15122e-01
9.07298e-01
8.68421e-01
9.45489e-01
7.93834e-01
9.63170e-01
8.36620e-01
9.42191e-01
8.28837e-01
8.18841e-01
9.08663e-01
9.02484e-01
6.69088e-01
8.92569e-01
9.62822e-01
7.51510e-01
9.40574e-01
9.62282e-01
9.37937e-01
9.34144e-01
8.79880e-01
9.43262e-01
9.17760e-01
9.62437e-01
8.67284e-01
9.39770e-01
6.27402e-01
8.90845e-01
8.73521e-01
8.83912e-01
9.17331e-01
8.96646e-01
9.62608e-01
9.12121e-01
9.49486e-01
8.60949e-01
9.53042e-01
9.17064e-01
9.72332e-01
9.73154e-01
8.70906e-01
9.32420e-01
9.41065e-01
8.15488e-01
8.72146e-01
8.44583e-01
9.48718e-01
9.29672e-01
9.59502e-01
9.78158e-01
8.42158e-01
8.99432e-01
8.52018e-01
9.52153e-01
9.33160e-01
9.42149e-01
6.22754e-01
9.34493e-01
9.66605e-01
8.40678e-01
9.59381e-01
9.79249e-01
7.44501e-01
8.09028e-01
9.34186e-01
7.77778e-01
9.27093e-01
9.50902e-01
9.10092e-01
5.58800e-01
9.75687e-01
9.00632e-01
7.64553e-01
9.59325e-01
9.20719e-01
9.04284e-01
8.40039e-01
7.57422e-01
8.84650e-01
9.36433e-01
9.37107e-01
9.11650e-01
9.31712e-01
9.75223e-01
9.35834e-01
9.61264e-01
9.67930e-01
9.47850e-01
6.98934e-01
9.10192e-01
9.55383e-01
7.33831e-01
8.91206e-01
9.11686e-01
9.40741e-01
8.55019e-01
7.66051e-01
9.30505e-01
9.47133e-01
9.26230e-01
8.68446e-01
9.39539e-01
8.86660e-01
7.95181e-01
9.07118e-01
9.53321e-01
8.97666e-01
8.73958e-01
8.68015e-01
9.68411e-01
8.73653e-01
9.33124e-01
9.81354e-01
9.78368e-01
9.01027e-01
9.58135e-01
9.05444e-01
9.30317e-01
8.25650e-01
9.30732e-01
8.98773e-01
7.53574e-01
7.90348e-01
8.01567e-01
9.55857e-01
8.63874e-01
8.55993e-01
9.06094e-01
5.54735e-01
9.62437e-01
9.46955e-01
9.58879e-01
8.33022e-01
9.50884e-01
9.37918e-01
9.24752e-01
8.97436e-01
9.60317e-01
9.29858e-01
9.21890e-01
8.34606e-01
8.47308e-01
8.11414e-01
8.95668e-01
9.17127e-01
7.41393e-01
9.68288e-01
9.17821e-01
9.44328e-01
8.10592e-01
9.05232e-01
9.33393e-01
8.48511e-01
9.28633e-01
9.38606e-01
8.48188e-01
6.83391e-01
9.32683e-01
8.73500e-01
8.54853e-01
9.06399e-01
9.01890e-01
8.82914e-01
9.01770e-01
9.43595e-01
7.22826e-01
8.40259e-01
9.21450e-01
6.08798e-01
9.57299e-01
8.93894e-01
9.48665e-01
9.31481e-01
9.47467e-01
9.47876e-01
7.00521e-01
6.67867e-01
7.58890e-01
9.21529e-01
8.59848e-01
9.58824e-01
9.39453e-01
9.42940e-01
8.59013e-01
9.46752e-01
9.47007e-01
8.64015e-01
7.22796e-01
9.45170e-01
8.79530e-01
9.17396e-01
7.59036e-01
8.83742e-01
9.72122e-01
7.38551e-01
9.11715e-01
9.24004e-01
7.55656e-01
9.79053e-01
8.37912e-01
8.77000e-01
8.41915e-01
9.69397e-01
6.49958e-01
9.10882e-01
9.31363e-01
8.87850e-01
9.63867e-01
9.34761e-01
9.42132e-01
8.21656e-01
9.62963e-01
9.72973e-01
9.21492e-01
9.44391e-01
9.57587e-01
9.70588e-01
9.20233e-01
8.95338e-01
9.19338e-01
9.42571e-01
9.33266e-01
8.48191e-01
9.45642e-01
9.18946e-01
8.37719e-01
8.89199e-01
6.65877e-01
6.42210e-01
6.21053e-01
9.42505e-01
8.22124e-01
9.59873e-01
9.52286e-01
8.90863e-01
9.07631e-01
9.42970e-01
8.90385e-01
6.95192e-01
9.51772e-01
8.51429e-01
9.42096e-01
8.66551e-01
9.49830e-01
9.83000e-01
8.92500e-01
9.07137e-01
9.72272e-01
6.93247e-01
9.49304e-01
7.56485e-01
9.49680e-01
9.06588e-01
9.11650e-01
9.66667e-01
9.46197e-01
7.87234e-01
9.35574e-01
8.74889e-01
8.76725e-01
9.25331e-01
8.58400e-01
9.32814e-01
9.03743e-01
9.60073e-01
9.53747e-01
9.66261e-01
7.74920e-01
9.37041e-01
6.06277e-01
8.87586e-01
9.50459e-01
6.57212e-01
9.03320e-01
9.50341e-01
9.34005e-01
8.26087e-01
9.21499e-01
8.89518e-01
9.28977e-01
9.46147e-01
8.99175e-01
9.21348e-01
9.52144e-01
9.50820e-01
9.37304e-01
6.62510e-01
7.10327e-01
9.22242e-01
9.18692e-01
8.87834e-01
9.51730e-01
9.12676e-01
6.80813e-01
9.83806e-01
9.06222e-01
6.41975e-01
9.24270e-01
9.57468e-01
9.71014e-01
9.18483e-01
9.35398e-01
9.21933e-01
9.23810e-01
8.54996e-01
8.51180e-01
7.70095e-01
8.90611e-01
9.51311e-01
6.09099e-01
9.35516e-01
9.16514e-01
8.84298e-01
8.62425e-01
9.68956e-01
9.39177e-01
8.39597e-01
9.84891e-01
9.30790e-01
5.55965e-01
7.58278e-01
9.62998e-01
8.94990e-01
9.54981e-01
8.21492e-01
9.51036e-01
8.51711e-01
9.60474e-01
9.62162e-01
9.69290e-01
9.84390e-01
9.48203e-01
9.50902e-01
9.25636e-01
8.27869e-01
7.43610e-01
7.07298e-01
8.89823e-01
9.77528e-01
6.88736e-01
8.99414e-01
7.90930e-01
9.25197e-01
7.39640e-01
8.36378e-01
9.58801e-01
9.55511e-01
8.63354e-01
9.25788e-01
7.68174e-01
8.92221e-01
9.57187e-01
9.41591e-01
8.55372e-01
9.56746e-01
7.71041e-01
9.49698e-01
6.99543e-01
9.28372e-01
5.98684e-01
9.72752e-01
5.95700e-01
8.76465e-01
9.65849e-01
8.81048e-01
8.75226e-01
9.67213e-01
9.27342e-01
9.31937e-01
9.57746e-01
8.19492e-01
9.11243e-01
9.33663e-01
7.99153e-01
9.13442e-01
8.81048e-01
8.42478e-01
9.22006e-01
9.66135e-01
8.65352e-01
8.20072e-01
8.92200e-01
9.15122e-01
9.08444e-01
8.39335e-01
7.53794e-01
7.50218e-01
7.63668e-01
9.33272e-01
9.53676e-01
9.14000e-01
8.60234e-01
8.23638e-01
7.13235e-01
9.62128e-01
8.29016e-01
9.27165e-01
8.35821e-01
9.15870e-01
8.84018e-01
8.63874e-01
9.57169e-01
9.38832e-01
8.88492e-01
8.58365e-01
8.78632e-01
7.30185e-01
7.51304e-01
8.85379e-01
8.26087e-01
8.64583e-01
6.68778e-01
9.20183e-01
8.38561e-01
8.84409e-01
9.90167e-01
9.27937e-01
8.80558e-01
8.18339e-01
9.23150e-01
8.46747e-01
8.87189e-01
9.06890e-01
8.91304e-01
8.45513e-01
8.25778e-01
8.62876e-01
7.54125e-01
8.99787e-01
8.70877e-01
8.11787e-01
8.65065e-01
7.43612e-01
8.46082e-01
6.72566e-01
8.94646e-01
8.31818e-01
8.77841e-01
9.48944e-01
8.78365e-01
9.56785e-01
8.95442e-01
8.59023e-01
7.08509e-01
9.60111e-01
8.19963e-01
8.71866e-01
9.71485e-01
8.69268e-01
7.98157e-01
8.64187e-01
9.14611e-01
8.54545e-01
9.06584e-01
8.41213e-01
9.15222e-01
8.16387e-01
8.37533e-01
8.08194e-01
9.83158e-01
7.70478e-01
8.65554e-01
8.50746e-01
9.51220e-01
9.41675e-01
8.64648e-01
8.15358e-01
8.25532e-01
9.40196e-01
8.62345e-01
9.15122e-01
9.08068e-01
9.17117e-01
8.71090e-01
8.88288e-01
9.17637e-01
9.27551e-01
7.80961e-01
8.51376e-01
8.53102e-01
8.30744e-01
9.20039e-01
8.65897e-01
8.34065e-01
8.66409e-01
8.84755e-01
7.96311e-01
7.19128e-01
9.05497e-01
8.83813e-01
8.66667e-01
8.24669e-01
7.51408e-01
8.43870e-01
8.98496e-01
8.29690e-01
9.67181e-01
8.05031e-01
8.72000e-01
9.12029e-01
9.05769e-01
8.14123e-01
6.85170e-01
8.87755e-01
7.54070e-01
8.89772e-01
9.66236e-01
7.41827e-01
8.39173e-01
8.59316e-01
8.18267e-01
8.75112e-01
8.71772e-01
8.97579e-01
7.96954e-01
9.12217e-01
9.22113e-01
8.27496e-01
7.94987e-01
8.33006e-01
7.95026e-01
9.24272e-01
8.61775e-01
8.90826e-01
8.50401e-01
8.79923e-01
9.03770e-01
8.66726e-01
8.41869e-01
8.42205e-01
7.64502e-01
9.32020e-01
9.22357e-01
6.79140e-01
8.96878e-01
8.39192e-01
9.57529e-01
8.78957e-01
8.60582e-01
8.57674e-01
8.51590e-01
7.75543e-01
9.10569e-01
8.63859e-01
9.29760e-01
8.52060e-01
9.58171e-01
9.16834e-01
9.02321e-01
8.38194e-01
9.23902e-01
9.03399e-01
8.83762e-01
8.87564e-01
8.23247e-01
7.21030e-01
8.80687e-01
9.55301e-01
8.77532e-01
8.85973e-01
9.86421e-01
8.68852e-01
8.55978e-01
9.67413e-01
8.88014e-01
8.87630e-01
8.53755e-01
8.75000e-01
7.89520e-01
8.91043e-01
9.18346e-01
8.78092e-01
7.62449e-01
8.60870e-01
8.80863e-01
8.90359e-01
8.74773e-01
9.78641e-01
8.70608e-01
8.76498e-01
8.41709e-01
9.08035e-01
8.14249e-01
8.90411e-01
8.64655e-01
8.99908e-01
8.41241e-01
8.09656e-01
8.89593e-01
8.97004e-01
8.98785e-01
9.22265e-01
8.49167e-01
9.62209e-01
7.74454e-01
7.88745e-01
8.23905e-01
9.06787e-01
8.07790e-01
8.53423e-01
8.78163e-01
8.90316e-01
9.12534e-01
9.49726e-01
8.17308e-01
8.65897e-01
9.30702e-01
8.00530e-01
8.87081e-01
8.39623e-01
8.73603e-01
8.96552e-01
8.07531e-01
8.42202e-01
9.05149e-01
7.83333e-01
9.34641e-01
8.94265e-01
8.46684e-01
7.25993e-01
7.22456e-01
8.29464e-01
8.96709e-01
8.78417e-01
8.69728e-01
7.59016e-01
9.01478e-01
8.81399e-01
8.83008e-01
7.64654e-01
8.68696e-01
8.66550e-01
9.23698e-01
8.96744e-01
8.58482e-01
9.69910e-01
9.21514e-01
7.81850e-01
9.28437e-01
8.30568e-01
7.86798e-01
8.68928e-01
7.94533e-01
8.91732e-01
9.53747e-01
8.87786e-01
9.56820e-01
9.05966e-01
9.04720e-01
8.40659e-01
8.51363e-01
8.80000e-01
9.67919e-01
7.49543e-01
9.28767e-01
8.50585e-01
9.57380e-01
8.76805e-01
8.32894e-01
9.20930e-01
9.50605e-01
8.79605e-01
8.89302e-01
8.47185e-01
6.87146e-01
8.19512e-01
9.24479e-01
9.29872e-01
8.77277e-01
6.06946e-01
9.13002e-01
7.61170e-01
8.26408e-01
9.29499e-01
9.33606e-01
7.88879e-01
9.30657e-01
8.15476e-01
6.96078e-01
8.63971e-01
8.33645e-01
9.52183e-01
8.99299e-01
9.00000e-01
8.77946e-01
9.64215e-01
8.14848e-01
8.09362e-01
8.65546e-01
7.90885e-01
7.89849e-01
9.64182e-01
8.03055e-01
9.72067e-01
8.89089e-01
9.69840e-01
8.87630e-01
9.06250e-01
6.97674e-01
8.36873e-01
8.44974e-01
9.01328e-01
7.51572e-01
8.68526e-01
7.99277e-01
8.90424e-01
8.53203e-01
7.62180e-01
8.21031e-01
9.25118e-01
9.55882e-01
9.62168e-01
8.83833e-01
8.87931e-01
6.90516e-01
8.32731e-01
7.55337e-01
8.81197e-01
8.98964e-01
9.79146e-01
8.45446e-01
8.86512e-01
9.49580e-01
9.27179e-01
6.95618e-01
9.47783e-01
7.84314e-01
9.15240e-01
8.65299e-01
8.99614e-01
8.77208e-01
8.84473e-01
7.98658e-01
8.60915e-01
7.12903e-01
8.59375e-01
8.59867e-01
9.46119e-01
8.55186e-01
8.85636e-01
8.91407e-01
7.90158e-01
8.66376e-01
8.30309e-01
9.31707e-01
8.41016e-01
8.61641e-01
8.94075e-01
8.72774e-01
8.19785e-01
7.89720e-01
7.98605e-01
8.15111e-01
9.51017e-01
8.91457e-01
8.47341e-01
8.64023e-01
7.50675e-01
9.11607e-01
8.97214e-01
6.24496e-01
8.57759e-01
7.82689e-01
9.05945e-01
8.61977e-01
8.50000e-01
7.47811e-01
8.40716e-01
9.11898e-01
8.79439e-01
8.60315e-01
8.35965e-01
6.93562e-01
7.56852e-01
8.72167e-01
9.50661e-01
9.08078e-01
9.59615e-01
8.41813e-01
8.66910e-01
7.60726e-01
7.69162e-01
7.96364e-01
8.49380e-01
9.26288e-01
8.25664e-01
7.61572e-01
8.58634e-01
8.12816e-01
8.35419e-01
9.20578e-01
9.16129e-01
9.21514e-01
8.50352e-01
9.38135e-01
8.65766e-01
8.86297e-01
9.09449e-01
7.22978e-01
8.26124e-01
9.34524e-01
6.78961e-01
8.92364e-01
8.21691e-01
8.53854e-01
8.44660e-01
7.69167e-01
9.31382e-01
8.54495e-01
7.60474e-01
9.17192e-01
9.77165e-01
7.86580e-01
9.08818e-01
8.83513e-01
8.76360e-01
9.08297e-01
9.18327e-01
9.41794e-01
8.70009e-01
9.57274e-01
8.29268e-01
9.00469e-01
8.63139e-01
6.50165e-01
8.51026e-01
9.51265e-01
8.74678e-01
9.24157e-01
7.88062e-01
8.33780e-01
7.77328e-01
6.63891e-01
6.85830e-01
8.30065e-01
8.38287e-01
9.34866e-01
7.60070e-01
7.28214e-01
8.58612e-01
8.88789e-01
8.64641e-01
9.10019e-01
9.06278e-01
7.83264e-01
8.16714e-01
8.16540e-01
8.51201e-01
9.20981e-01
8.83152e-01
8.28014e-01
8.95204e-01
9.33535e-01
6.21517e-01
7.75148e-01
8.64717e-01
8.58553e-01
8.38894e-01
8.24610e-01
9.01890e-01
8.44732e-01
9.30168e-01
9.20218e-01
9.70476e-01
6.96043e-01
8.71639e-01
9.60155e-01
9.17614e-01
8.47525e-01
7.30514e-01
8.04554e-01
9.00362e-01
8.72285e-01
8.41727e-01
9.15207e-01
9.28447e-01
7.12256e-01
8.83430e-01
9.12489e-01
8.95636e-01
8.99254e-01
9.07149e-01
9.29494e-01
9.24092e-01
8.77953e-01
8.89313e-01
9.00605e-01
9.66011e-01
7.55804e-01
9.66066e-01
9.09820e-01
9.35368e-01
8.43750e-01
8.54764e-01
9.65170e-01
7.85110e-01
9.14286e-01
9.28862e-01
9.57627e-01
9.61765e-01
9.00926e-01
8.62966e-01
9.59883e-01
9.67871e-01
9.44037e-01
8.79572e-01
8.58407e-01
8.97533e-01
6.51071e-01
8.57404e-01
9.62229e-01
9.19137e-01
8.20937e-01
9.46360e-01
7.71605e-01
9.07361e-01
9.15205e-01
8.82408e-01
9.86248e-01
7.51672e-01
8.44643e-01
9.13938e-01
9.30693e-01
8.68928e-01
9.33852e-01
8.54597e-01
9.11453e-01
9.85011e-01
9.83366e-01
9.50593e-01
8.54310e-01
9.11013e-01
5.92508e-01
9.23423e-01
8.87621e-01
8.75598e-01
9.41748e-01
8.41851e-01
8.93502e-01
9.52865e-01
9.11017e-01
9.51417e-01
9.07706e-01
8.70304e-01
9.12046e-01
9.89723e-01
9.57992e-01
8.16640e-01
9.31520e-01
9.62889e-01
9.54077e-01
8.43606e-01
8.43992e-01
9.25703e-01
9.34847e-01
8.44231e-01
9.56565e-01
9.72468e-01
9.63761e-01
7.66613e-01
9.50495e-01
9.65645e-01
8.64299e-01
9.25773e-01
7.78632e-01
9.22465e-01
9.04459e-01
9.66516e-01
9.67010e-01
6.86411e-01
9.46787e-01
9.34783e-01
9.65877e-01
8.02643e-01
9.31319e-01
8.67892e-01
7.61364e-01
9.54683e-01
9.12313e-01
9.42149e-01
9.51613e-01
9.24242e-01
7.90885e-01
9.16738e-01
9.40223e-01
8.81288e-01
9.21548e-01
9.67949e-01
8.72816e-01
9.63669e-01
6.72118e-01
9.10156e-01
7.75330e-01
8.30139e-01
8.75544e-01
9.77825e-01
9.15663e-01
9.25777e-01
9.47315e-01
8.12105e-01
8.86386e-01
9.18593e-01
9.06331e-01
9.46779e-01
8.15916e-01
9.71297e-01
8.84241e-01
9.29078e-01
8.41575e-01
7.99815e-01
9.02144e-01
9.10764e-01
6.74738e-01
8.05825e-01
9.53686e-01
7.91629e-01
9.58678e-01
9.54463e-01
9.16303e-01
9.57819e-01
8.78728e-01
9.54639e-01
8.60877e-01
9.40941e-01
9.15897e-01
9.22055e-01
6.15564e-01
8.76629e-01
8.92393e-01
8.28700e-01
9.05550e-01
9.42830e-01
9.45386e-01
9.27199e-01
9.04805e-01
8.64522e-01
9.43038e-01
9.10123e-01
9.71287e-01
9.63497e-01
8.92023e-01
9.47417e-01
9.05730e-01
7.90262e-01
8.40606e-01
8.15068e-01
9.64321e-01
9.31774e-01
9.44842e-01
9.70644e-01
8.40353e-01
9.05755e-01
8.74088e-01
8.56089e-01
9.04884e-01
9.57513e-01
6.98188e-01
9.35091e-01
9.55679e-01
7.94680e-01
9.63107e-01
9.79290e-01
8.17860e-01
8.16988e-01
9.65009e-01
7.33840e-01
9.33092e-01
9.49505e-01
8.82979e-01
5.06377e-01
9.57645e-01
8.85766e-01
8.09307e-01
9.49754e-01
9.04564e-01
8.23017e-01
9.04427e-01
7.68966e-01
9.01292e-01
8.56250e-01
9.48827e-01
8.98551e-01
9.19811e-01
9.61348e-01
9.44118e-01
9.66700e-01
9.67992e-01
8.68142e-01
6.85200e-01
9.46170e-01
9.24198e-01
7.48344e-01
8.83363e-01
9.02066e-01
9.24632e-01
8.31656e-01
7.54569e-01
8.91868e-01
9.22667e-01
8.58998e-01
7.69432e-01
9.36052e-01
8.92418e-01
8.16308e-01
8.84821e-01
8.76923e-01
8.83348e-01
8.70466e-01
8.36484e-01
9.60669e-01
9.13568e-01
9.12155e-01
9.83366e-01
9.71652e-01
9.14393e-01
9.39566e-01
8.95833e-01
9.35278e-01
8.87238e-01
9.36399e-01
9.14721e-01
7.79287e-01
8.31054e-01
8.78928e-01
8.79325e-01
8.52814e-01
8.65179e-01
9.22613e-01
6.28632e-01
9.49850e-01
9.44172e-01
9.62860e-01
8.77277e-01
9.57468e-01
9.09177e-01
9.45219e-01
8.91892e-01
9.66601e-01
8.69167e-01
9.26570e-01
8.79965e-01
7.82108e-01
8.17573e-01
8.56901e-01
9.54077e-01
5.79895e-01
9.71922e-01
9.27845e-01
9.39873e-01
7.86870e-01
9.09091e-01
9.15695e-01
9.13514e-01
9.25734e-01
9.19223e-01
8.45341e-01
6.00507e-01
9.42801e-01
8.77306e-01
8.55148e-01
9.11708e-01
9.03430e-01
9.00519e-01
8.48305e-01
9.74928e-01
7.36652e-01
9.07816e-01
8.81048e-01
5.85526e-01
9.54320e-01
8.74257e-01
9.22301e-01
9.75678e-01
9.33210e-01
9.65920e-01
5.70644e-01
6.58949e-01
5.30689e-01
9.28023e-01
9.01515e-01
9.39630e-01
9.60630e-01
9.61233e-01
9.04663e-01
9.29936e-01
9.58944e-01
9.13452e-01
7.25443e-01
9.05822e-01
9.42327e-01
9.03568e-01
8.26840e-01
7.91738e-01
9.78182e-01
7.24626e-01
9.13270e-01
9.36613e-01
8.20632e-01
9.55076e-01
8.81325e-01
8.80716e-01
9.44936e-01
9.27944e-01
6.42508e-01
8.82569e-01
9.37500e-01
7.85714e-01
9.65887e-01
9.47111e-01
9.07843e-01
8.66543e-01
9.51786e-01
9.57967e-01
9.02885e-01
9.70958e-01
9.18669e-01
9.73712e-01
9.09180e-01
8.70907e-01
8.20236e-01
9.57865e-01
8.82470e-01
9.24457e-01
9.55619e-01
8.93426e-01
8.72531e-01
8.60018e-01
6.64791e-01
6.74929e-01
7.62630e-01
9.60540e-01
8.33778e-01
9.54545e-01
9.75733e-01
8.38017e-01
9.17088e-01
9.52716e-01
9.11513e-01
6.53549e-01
9.42043e-01
8.62934e-01
9.59350e-01
8.84109e-01
9.59965e-01
9.45437e-01
9.00000e-01
8.34768e-01
9.66816e-01
8.02198e-01
9.42913e-01
8.21699e-01
9.34723e-01
7.65399e-01
8.42922e-01
9.53210e-01
9.04762e-01
7.90638e-01
9.41893e-01
8.45034e-01
8.56884e-01
9.21965e-01
8.23151e-01
9.66801e-01
8.32470e-01
9.49243e-01
9.58410e-01
9.52690e-01
7.22042e-01
9.63753e-01
6.23048e-01
8.93866e-01
9.53445e-01
8.46512e-01
9.34653e-01
9.48090e-01
9.35897e-01
7.59928e-01
9.20000e-01
8.62101e-01
9.18017e-01
9.49953e-01
8.82461e-01
9.29870e-01
9.46602e-01
9.48765e-01
9.55508e-01
7.38354e-01
7.15221e-01
9.32420e-01
9.01745e-01
9.58144e-01
9.14209e-01
9.07808e-01
7.38813e-01
9.66633e-01
8.84854e-01
6.40431e-01
9.15405e-01
9.46078e-01
9.62173e-01
9.00362e-01
9.39982e-01
9.13889e-01
8.91202e-01
8.36735e-01
8.63428e-01
5.98229e-01
8.80843e-01
9.40686e-01
7.78499e-01
8.88577e-01
8.87311e-01
9.42857e-01
9.02502e-01
9.47271e-01
9.28952e-01
8.95055e-01
9.81168e-01
9.49691e-01
5.97523e-01
7.78053e-01
9.50328e-01
8.21656e-01
9.53598e-01
8.78539e-01
9.33830e-01
8.39437e-01
9.33788e-01
9.66606e-01
9.45335e-01
9.85337e-01
9.44325e-01
9.43831e-01
9.22701e-01
8.62836e-01
6.77621e-01
6.94081e-01
8.49126e-01
9.79439e-01
6.36820e-01
8.75240e-01
8.37838e-01
9.46588e-01
7.53475e-01
8.17454e-01
9.61538e-01
9.45055e-01
9.29445e-01
9.09430e-01
7.82194e-01
9.18868e-01
9.79716e-01
9.34343e-01
8.71489e-01
9.16318e-01
7.80822e-01
9.23924e-01
7.00544e-01
9.09502e-01
6.79262e-01
9.52972e-01
6.36620e-01
8.83549e-01
9.52715e-01
8.48963e-01
9.04022e-01
9.46411e-01
9.37198e-01
9.48827e-01
9.62664e-01
8.13894e-01
9.38185e-01
9.27866e-01
8.49510e-01
8.96282e-01
8.92857e-01
8.44110e-01
9.00092e-01
9.61194e-01
8.86109e-01
8.01601e-01
8.64602e-01
8.94837e-01
8.89088e-01
8.22057e-01
7.86942e-01
8.86810e-01
7.17241e-01
9.54630e-01
9.71429e-01
9.01186e-01
8.54464e-01
8.15471e-01
8.47195e-01
9.47795e-01
8.71681e-01
9.27856e-01
8.49866e-01
9.16988e-01
8.77177e-01
8.49089e-01
9.41176e-01
9.35484e-01
8.94410e-01
8.90173e-01
9.08444e-01
7.33891e-01
7.24868e-01
8.96022e-01
7.98279e-01
8.26087e-01
6.22203e-01
8.85559e-01
7.87402e-01
8.68867e-01
9.86275e-01
9.19802e-01
8.90543e-01
8.20087e-01
8.96774e-01
8.55411e-01
8.54460e-01
8.93617e-01
9.20921e-01
9.16988e-01
8.41441e-01
8.31276e-01
7.78682e-01
8.97849e-01
8.63894e-01
7.78704e-01
8.56881e-01
7.76132e-01
8.59035e-01
6.33703e-01
8.90505e-01
8.48263e-01
8.46729e-01
9.16811e-01
8.59390e-01
9.42358e-01
9.20837e-01
8.81792e-01
6.41803e-01
7.81329e-01
8.19457e-01
8.86492e-01
9.67456e-01
8.95976e-01
8.05147e-01
8.42149e-01
9.08124e-01
8.36866e-01
9.24039e-01
8.56624e-01
8.63763e-01
8.75869e-01
8.52273e-01
7.91478e-01
9.69008e-01
8.14978e-01
8.78761e-01
8.95455e-01
9.08451e-01
9.19021e-01
8.75899e-01
8.49778e-01
8.44351e-01
9.55690e-01
8.52473e-01
9.26543e-01
8.97653e-01
9.04550e-01
8.30571e-01
8.75560e-01
9.10873e-01
9.33059e-01
8.06542e-01
8.37230e-01
8.17854e-01
8.29470e-01
9.14833e-01
8.31294e-01
8.59873e-01
8.64374e-01
8.66248e-01
8.20957e-01
7.27053e-01
8.64245e-01
8.71595e-01
8.64407e-01
8.44046e-01
7.68800e-01
8.98709e-01
8.72540e-01
8.61266e-01
9.69844e-01
8.15813e-01
8.63596e-01
9.20765e-01
9.19024e-01
7.07803e-01
7.16283e-01
8.65462e-01
7.13455e-01
8.67833e-01
9.57282e-01
7.96041e-01
8.51852e-01
8.07799e-01
8.25162e-01
8.94064e-01
8.43172e-01
9.00850e-01
7.77124e-01
8.62692e-01
9.67860e-01
8.63799e-01
7.69896e-01
8.46077e-01
8.34211e-01
9.24951e-01
8.33193e-01
9.15428e-01
8.45740e-01
8.57143e-01
8.95050e-01
8.79891e-01
8.38248e-01
8.55352e-01
7.47695e-01
9.29703e-01
9.37500e-01
6.95617e-01
8.39749e-01
8.41496e-01
9.71845e-01
8.57406e-01
8.38773e-01
8.61909e-01
8.24099e-01
6.61367e-01
9.27602e-01
9.09910e-01
9.18498e-01
8.62197e-01
9.60348e-01
8.94892e-01
8.69691e-01
9.03674e-01
9.12919e-01
9.01873e-01
8.98396e-01
9.16157e-01
7.84703e-01
6.58106e-01
9.21397e-01
9.54167e-01
8.99907e-01
9.04505e-01
9.78661e-01
8.87533e-01
8.35592e-01
9.67677e-01
8.92483e-01
8.80150e-01
8.61868e-01
8.72195e-01
8.38795e-01
8.85291e-01
9.22350e-01
8.63715e-01
7.69231e-01
9.06140e-01
8.65421e-01
8.92823e-01
8.27281e-01
9.42584e-01
8.81636e-01
8.92593e-01
8.51883e-01
9.26174e-01
8.11705e-01
8.94590e-01
8.93860e-01
8.81603e-01
8.50184e-01
8.47826e-01
9.03758e-01
8.77665e-01
8.43750e-01
9.42197e-01
8.19672e-01
9.60271e-01
7.35968e-01
7.79102e-01
8.38679e-01
9.03863e-01
8.05106e-01
8.07656e-01
8.72521e-01
8.55340e-01
8.93655e-01
9.33632e-01
8.47335e-01
8.79786e-01
8.94515e-01
8.44004e-01
8.56742e-01
8.54247e-01
8.36646e-01
9.18489e-01
8.26858e-01
8.28494e-01
9.23853e-01
8.22809e-01
9.47319e-01
8.93369e-01
8.70485e-01
7.25686e-01
6.78133e-01
8.27773e-01
8.90498e-01
8.55948e-01
8.87006e-01
7.71641e-01
8.92292e-01
8.84448e-01
9.00282e-01
7.50213e-01
8.92683e-01
8.72134e-01
9.17266e-01
8.57661e-01
8.59023e-01
9.77597e-01
9.33769e-01
8.13001e-01
9.46565e-01
8.74887e-01
8.23905e-01
8.54529e-01
7.96834e-01
8.71992e-01
9.08191e-01
9.12475e-01
9.46131e-01
8.88105e-01
9.23348e-01
8.29710e-01
8.68750e-01
8.70729e-01
9.72350e-01
8.28516e-01
9.03080e-01
8.02074e-01
9.72718e-01
8.19870e-01
8.91644e-01
9.19926e-01
9.06977e-01
9.10339e-01
9.11381e-01
8.15236e-01
7.08333e-01
8.69439e-01
9.15652e-01
8.69912e-01
8.59449e-01
6.40807e-01
9.43635e-01
7.13505e-01
8.13358e-01
8.96364e-01
9.53927e-01
8.04577e-01
9.29021e-01
8.05556e-01
6.71750e-01
8.34110e-01
7.94307e-01
9.12263e-01
8.91115e-01
8.61035e-01
9.20208e-01
9.26758e-01
8.38680e-01
7.97800e-01
8.63128e-01
8.36886e-01
7.39370e-01
9.74684e-01
8.01277e-01
9.54545e-01
9.21053e-01
9.60489e-01
8.83302e-01
8.85659e-01
7.03807e-01
8.29268e-01
8.23331e-01
8.69888e-01
7.95492e-01
8.42967e-01
8.19320e-01
8.90028e-01
8.52113e-01
7.18477e-01
8.24899e-01
9.26923e-01
9.45525e-01
9.63880e-01
8.76318e-01
9.24584e-01
7.45909e-01
8.57012e-01
7.95435e-01
8.79281e-01
9.00605e-01
9.46798e-01
8.46863e-01
8.63139e-01
9.18443e-01
9.30962e-01
7.82019e-01
9.52428e-01
7.84889e-01
8.89823e-01
8.64273e-01
9.17636e-01
8.62185e-01
8.91644e-01
8.52797e-01
8.61888e-01
8.00171e-01
8.76877e-01
8.72502e-01
9.76723e-01
8.76604e-01
8.72943e-01
8.81530e-01
7.48201e-01
8.87026e-01
8.44062e-01
9.23450e-01
8.63168e-01
8.83205e-01
9.03795e-01
8.64208e-01
8.16206e-01
7.73567e-01
7.87543e-01
8.20490e-01
9.54503e-01
8.85035e-01
8.59845e-01
8.54424e-01
7.52466e-01
9.33032e-01
8.87081e-01
7.21186e-01
8.11017e-01
7.39763e-01
8.80349e-01
8.42845e-01
8.67281e-01
7.39437e-01
8.50093e-01
8.96150e-01
8.98592e-01
8.49126e-01
8.30450e-01
7.00911e-01
7.48422e-01
8.70387e-01
9.40104e-01
9.25643e-01
9.51103e-01
8.45380e-01
8.61624e-01
7.73102e-01
7.46748e-01
8.02893e-01
8.64504e-01
9.06667e-01
7.63293e-01
7.90045e-01
8.76777e-01
8.09444e-01
8.44466e-01
9.05393e-01
8.97996e-01
8.16754e-01
8.62762e-01
9.55514e-01
8.97830e-01
8.42407e-01
8.82410e-01
7.68918e-01
8.36192e-01
9.28358e-01
7.11506e-01
8.91667e-01
8.14982e-01
8.32685e-01
8.67374e-01
8.27119e-01
9.23783e-01
8.62581e-01
7.58212e-01
8.60177e-01
9.54588e-01
8.61436e-01
8.85024e-01
8.94595e-01
8.48837e-01
8.94372e-01
9.12000e-01
9.54764e-01
8.58053e-01
9.44112e-01
8.12803e-01
8.94347e-01
8.32136e-01
6.27466e-01
8.15398e-01
9.50375e-01
8.67067e-01
9.01654e-01
7.87611e-01
8.72125e-01
6.56437e-01
7.01562e-01
6.76686e-01
8.17840e-01
7.76846e-01
8.85609e-01
8.37766e-01
7.40969e-01
8.78028e-01
8.46831e-01
9.49710e-01
9.09515e-01
9.08688e-01
7.72310e-01
8.25225e-01
7.82443e-01
8.41226e-01
8.68678e-01
8.95169e-01
8.63303e-01
8.70337e-01
9.39516e-01
6.61660e-01
7.33227e-01
8.59193e-01
8.53840e-01
8.35893e-01
8.47744e-01
9.18386e-01
8.43606e-01
9.26099e-01
8.98410e-01
9.57707e-01
8.50251e-01
8.52840e-01
9.70192e-01
8.90654e-01
8.25382e-01
7.01698e-01
7.30000e-01
9.29098e-01
8.68696e-01
8.61261e-01
8.86260e-01
9.27511e-01
7.49097e-01
9.41434e-01
8.77808e-01
9.03071e-01
8.91867e-01
9.31569e-01
9.32271e-01
9.49833e-01
9.36170e-01
9.34109e-01
9.73856e-01
9.54464e-01
7.66667e-01
9.62963e-01
8.72361e-01
9.34164e-01
8.91433e-01
9.08491e-01
9.62659e-01
8.58261e-01
9.10245e-01
9.37564e-01
9.61945e-01
9.43853e-01
8.58423e-01
8.51630e-01
9.16098e-01
9.66203e-01
9.50549e-01
8.25065e-01
8.58940e-01
8.93576e-01
6.89766e-01
8.90038e-01
9.62193e-01
9.03025e-01
7.61905e-01
9.50048e-01
8.33026e-01
8.60000e-01
8.92683e-01
8.11671e-01
9.90148e-01
7.84330e-01
7.85714e-01
9.14019e-01
9.29142e-01
9.05431e-01
9.47471e-01
9.18582e-01
9.54183e-01
9.68288e-01
9.80450e-01
9.43605e-01
8.57266e-01
9.21378e-01
5.95238e-01
8.38488e-01
9.02048e-01
8.51044e-01
9.38776e-01
8.17837e-01
9.04072e-01
9.65645e-01
9.14089e-01
9.65306e-01
9.10394e-01
8.70118e-01
8.96128e-01
9.90741e-01
9.59391e-01
7.68025e-01
9.33769e-01
9.56219e-01
9.61646e-01
8.51584e-01
9.35515e-01
9.54315e-01
9.15769e-01
8.31280e-01
9.47007e-01
9.75369e-01
9.68780e-01
5.99706e-01
9.46703e-01
9.72145e-01
8.74657e-01
9.16246e-01
7.66982e-01
9.62551e-01
9.30211e-01
9.56172e-01
9.59058e-01
6.93591e-01
9.38816e-01
9.31343e-01
9.60265e-01
8.34532e-01
9.27390e-01
8.84007e-01
8.36428e-01
9.37500e-01
9.53289e-01
9.49432e-01
9.38431e-01
8.88164e-01
8.25323e-01
8.96581e-01
9.14086e-01
8.62550e-01
9.38947e-01
9.58730e-01
8.79530e-01
9.46140e-01
6.63399e-01
9.22776e-01
8.32545e-01
8.26163e-01
8.53390e-01
9.73712e-01
9.53512e-01
9.12438e-01
9.05941e-01
8.57413e-01
9.33005e-01
9.13690e-01
9.24561e-01
9.57746e-01
8.46890e-01
9.53250e-01
7.86691e-01
9.50254e-01
7.78378e-01
8.15018e-01
9.04364e-01
8.99360e-01
6.96970e-01
8.74088e-01
9.70221e-01
7.35318e-01
9.38017e-01
9.62351e-01
8.82890e-01
9.71223e-01
8.79447e-01
9.53893e-01
8.81998e-01
9.33532e-01
9.67811e-01
9.35512e-01
5.98731e-01
9.02504e-01
9.12264e-01
8.73101e-01
9.07045e-01
9.10927e-01
9.56357e-01
9.04618e-01
9.08756e-01
8.84422e-01
9.62284e-01
9.15480e-01
9.61765e-01
9.63497e-01
8.87488e-01
9.27007e-01
9.19962e-01
8.08958e-01
8.54352e-01
7.69808e-01
9.66068e-01
9.09445e-01
9.41236e-01
9.68691e-01
8.19048e-01
9.40324e-01
8.40567e-01
7.91297e-01
9.03390e-01
9.65839e-01
6.90272e-01
9.43416e-01
9.61075e-01
7.81353e-01
9.61390e-01
9.70617e-01
9.00742e-01
8.22807e-01
9.76852e-01
7.27528e-01
9.30254e-01
9.55000e-01
9.16437e-01
7.23810e-01
9.62304e-01
8.65248e-01
8.05278e-01
9.58209e-01
9.31144e-01
7.85349e-01
8.64683e-01
7.43355e-01
9.39336e-01
8.96364e-01
9.26393e-01
8.92789e-01
9.53774e-01
9.71173e-01
9.32353e-01
9.36128e-01
9.65184e-01
9.05914e-01
6.85338e-01
9.16497e-01
9.72441e-01
7.51748e-01
8.69955e-01
8.86424e-01
9.15129e-01
8.08207e-01
6.91980e-01
8.64220e-01
9.45487e-01
9.00558e-01
7.72372e-01
8.75676e-01
9.28796e-01
7.95317e-01
9.00538e-01
9.47321e-01
9.01168e-01
8.48024e-01
8.05400e-01
9.75025e-01
9.07389e-01
9.24742e-01
9.82422e-01
9.64147e-01
8.92958e-01
9.26403e-01
8.98386e-01
9.66070e-01
8.90830e-01
9.38477e-01
9.54964e-01
7.62768e-01
8.59179e-01
7.44983e-01
9.31330e-01
8.38682e-01
8.96116e-01
9.37436e-01
6.90007e-01
9.65552e-01
9.51677e-01
9.65645e-01
9.03415e-01
9.53695e-01
8.92293e-01
9.41584e-01
8.81034e-01
9.54902e-01
8.61692e-01
9.58539e-01
8.36664e-01
8.33785e-01
7.53447e-01
9.16296e-01
9.32156e-01
6.27925e-01
9.73147e-01
9.20883e-01
9.67573e-01
8.53186e-01
8.97661e-01
9.37667e-01
8.68705e-01
9.00256e-01
8.88779e-01
8.68627e-01
5.74468e-01
9.45044e-01
8.48954e-01
8.68122e-01
9.35078e-01
9.04590e-01
9.02609e-01
8.80000e-01
9.71292e-01
7.83934e-01
8.54717e-01
8.22200e-01
6.33136e-01
9.41929e-01
8.87795e-01
9.39919e-01
9.54376e-01
9.19890e-01
9.63832e-01
5.64341e-01
7.27358e-01
5.73668e-01
9.48692e-01
9.31796e-01
9.32683e-01
9.14530e-01
9.12247e-01
8.57287e-01
9.37566e-01
9.66236e-01
8.84686e-01
7.13057e-01
9.45217e-01
8.69396e-01
9.03846e-01
7.17264e-01
8.81448e-01
9.89021e-01
7.65903e-01
8.77797e-01
9.37148e-01
6.86087e-01
9.44742e-01
9.68689e-01
8.83117e-01
8.63845e-01
9.39448e-01
6.15756e-01
8.91344e-01
9.56107e-01
8.07080e-01
8.99057e-01
9.67262e-01
9.23535e-01
8.79326e-01
9.46990e-01
9.57884e-01
9.47581e-01
9.37620e-01
9.61357e-01
9.54825e-01
9.52621e-01
9.01047e-01
8.19767e-01
9.44705e-01
9.33128e-01
9.42418e-01
9.45744e-01
9.12210e-01
8.56890e-01
8.62581e-01
6.62957e-01
6.99241e-01
5.79139e-01
9.54262e-01
8.18262e-01
9.65079e-01
9.73896e-01
8.28151e-01
9.09729e-01
9.37685e-01
8.90424e-01
5.55714e-01
9.40887e-01
8.22984e-01
9.62107e-01
9.05810e-01
9.57784e-01
9.33134e-01
9.14552e-01
8.42015e-01
9.64061e-01
6.98708e-01
8.73092e-01
7.90580e-01
9.45971e-01
8.67689e-01
9.39630e-01
9.49299e-01
9.03657e-01
8.07459e-01
9.39962e-01
8.55148e-01
8.46503e-01
9.39981e-01
8.70942e-01
9.58167e-01
8.75000e-01
9.44248e-01
9.44343e-01
9.61575e-01
7.19368e-01
9.51731e-01
6.59176e-01
8.98722e-01
9.67228e-01
8.08453e-01
9.44835e-01
9.08832e-01
9.43882e-01
8.56293e-01
9.11269e-01
8.58998e-01
9.21476e-01
9.57627e-01
8.73849e-01
8.70858e-01
9.44008e-01
9.51896e-01
9.67300e-01
6.84370e-01
7.45833e-01
9.46740e-01
9.18539e-01
9.34571e-01
9.75115e-01
9.11820e-01
6.80448e-01
9.79879e-01
8.76216e-01
6.28689e-01
9.22113e-01
9.30300e-01
9.64912e-01
9.15506e-01
9.53888e-01
9.16898e-01
9.15640e-01
8.28014e-01
8.81061e-01
7.42933e-01
8.63472e-01
9.08432e-01
7.39474e-01
9.20156e-01
9.22031e-01
9.44915e-01
9.47232e-01
9.62477e-01
9.57389e-01
9.01198e-01
9.88669e-01
9.55106e-01
5.73248e-01
7.56956e-01
9.54034e-01
8.74302e-01
9.55323e-01
8.45946e-01
9.19340e-01
8.66341e-01
9.03075e-01
9.56054e-01
9.65682e-01
9.89216e-01
9.52128e-01
9.38632e-01
9.56392e-01
8.87651e-01
6.77344e-01
7.17054e-01
7.49367e-01
9.68195e-01
6.20803e-01
7.58109e-01
8.69097e-01
9.23301e-01
7.31884e-01
8.49678e-01
9.60600e-01
9.39122e-01
9.07834e-01
9.30491e-01
7.05207e-01
9.00188e-01
9.85700e-01
9.37563e-01
8.45830e-01
9.50104e-01
7.89041e-01
9.33468e-01
6.66667e-01
9.18182e-01
6.95876e-01
9.56367e-01
6.51461e-01
8.85586e-01
9.51177e-01
8.89669e-01
9.00091e-01
9.56689e-01
9.15720e-01
9.45802e-01
9.49749e-01
8.20946e-01
8.95201e-01
9.17636e-01
7.89384e-01
9.24827e-01
9.07895e-01
8.56889e-01
8.98445e-01
9.53786e-01
8.94281e-01
8.42441e-01
7.98456e-01
8.88782e-01
8.79622e-01
8.44715e-01
7.57009e-01
8.17770e-01
7.67358e-01
9.49309e-01
9.55645e-01
9.03960e-01
8.40606e-01
8.31291e-01
8.85458e-01
9.44696e-01
8.94500e-01
9.36000e-01
8.52706e-01
9.11513e-01
8.78292e-01
8.70096e-01
9.37786e-01
9.16515e-01
9.04889e-01
8.80193e-01
9.20721e-01
6.93078e-01
7.49784e-01
8.80288e-01
8.67133e-01
8.29206e-01
6.54288e-01
8.65645e-01
8.32882e-01
8.90052e-01
9.84267e-01
9.23924e-01
8.97887e-01
8.09524e-01
9.07407e-01
8.41924e-01
8.30309e-01
9.03704e-01
8.96552e-01
8.80863e-01
8.41918e-01
8.74685e-01
7.51417e-01
9.07725e-01
8.95247e-01
7.66945e-01
8.30741e-01
7.51080e-01
8.67173e-01
6.46965e-01
9.20732e-01
8.33636e-01
8.85714e-01
9.31699e-01
8.68836e-01
9.80702e-01
9.22794e-01
8.74882e-01
6.74061e-01
7.96265e-01
8.13481e-01
8.84579e-01
9.69940e-01
9.21415e-01
7.87020e-01
8.20983e-01
9.44118e-01
8.40367e-01
9.13121e-01
8.15303e-01
8.93232e-01
8.79639e-01
8.07395e-01
8.02035e-01
9.49444e-01
8.23738e-01
8.62345e-01
9.00999e-01
9.36041e-01
9.07821e-01
8.54054e-01
8.43860e-01
7.87677e-01
9.60000e-01
8.79638e-01
9.04255e-01
8.97674e-01
9.01596e-01
8.65546e-01
8.69526e-01
9.06832e-01
9.29807e-01
8.02974e-01
8.77684e-01
8.41342e-01
8.17284e-01
9.26174e-01
8.67320e-01
8.40108e-01
8.69863e-01
8.84018e-01
7.38924e-01
6.90738e-01
9.05697e-01
9.28866e-01
8.36803e-01
8.41053e-01
7.77959e-01
8.44358e-01
8.74302e-01
8.37963e-01
9.67992e-01
8.03030e-01
8.42244e-01
9.30783e-01
9.24361e-01
7.19904e-01
7.37309e-01
8.70540e-01
7.89792e-01
8.84692e-01
9.22562e-01
8.25623e-01
8.36184e-01
8.12618e-01
8.25279e-01
8.77115e-01
8.60071e-01
8.75233e-01
7.96265e-01
8.49820e-01
9.56522e-01
8.61086e-01
7.35489e-01
8.40160e-01
8.66368e-01
9.22481e-01
8.44407e-01
8.97032e-01
8.50492e-01
9.18208e-01
8.99010e-01
8.60568e-01
8.62352e-01
8.95406e-01
7.71721e-01
9.48207e-01
9.51659e-01
6.85110e-01
8.30206e-01
8.59946e-01
9.67961e-01
8.61341e-01
8.31361e-01
8.53050e-01
7.70851e-01
6.38998e-01
8.98927e-01
8.88454e-01
9.00362e-01
8.59926e-01
9.56268e-01
9.12612e-01
8.77649e-01
8.85913e-01
9.24855e-01
8.89088e-01
8.96150e-01
9.37057e-01
7.49081e-01
7.02979e-01
9.05135e-01
9.55789e-01
8.94393e-01
8.83348e-01
9.58293e-01
8.63636e-01
8.53503e-01
9.70438e-01
8.89956e-01
9.01734e-01
8.23810e-01
8.96245e-01
8.03177e-01
9.00461e-01
9.01247e-01
8.62609e-01
7.22267e-01
8.90861e-01
8.47786e-01
8.89100e-01
8.46223e-01
9.65184e-01
8.68103e-01
9.03828e-01
8.52916e-01
9.20269e-01
8.31904e-01
8.92193e-01
8.37838e-01
8.78513e-01
8.60572e-01
8.53081e-01
9.00638e-01
9.05431e-01
8.12621e-01
9.16038e-01
8.43720e-01
9.63143e-01
7.01400e-01
8.06066e-01
8.38679e-01
8.98917e-01
8.21773e-01
8.58556e-01
8.77609e-01
8.58390e-01
8.28790e-01
9.48182e-01
8.07388e-01
8.49597e-01
9.16084e-01
8.28724e-01
8.48089e-01
8.48138e-01
8.46487e-01
9.17918e-01
8.26712e-01
8.30755e-01
9.22374e-01
8.53846e-01
9.38144e-01
9.04933e-01
8.42795e-01
7.22222e-01
7.05882e-01
8.65631e-01
9.01473e-01
8.46011e-01
9.03318e-01
7.54717e-01
8.93451e-01
8.90447e-01
8.90359e-01
7.73535e-01
8.78758e-01
8.78975e-01
9.08281e-01
8.83657e-01
8.47786e-01
9.75659e-01
9.37383e-01
8.23582e-01
9.51521e-01
8.94161e-01
8.05077e-01
8.74088e-01
8.41530e-01
8.82812e-01
9.23428e-01
8.86774e-01
9.52849e-01
8.74874e-01
9.16740e-01
7.95972e-01
8.74214e-01
8.30571e-01
9.69388e-01
8.07183e-01
9.00090e-01
8.35993e-01
9.54451e-01
8.43192e-01
9.16900e-01
9.34721e-01
9.03131e-01
8.98907e-01
9.07104e-01
8.14136e-01
6.66403e-01
8.84058e-01
9.46903e-01
8.63278e-01
8.74878e-01
6.42050e-01
9.19153e-01
7.26257e-01
8.07175e-01
9.16206e-01
9.01623e-01
7.90026e-01
9.46069e-01
7.57463e-01
6.72344e-01
8.16197e-01
8.40259e-01
9.12438e-01
9.24712e-01
8.93870e-01
8.62729e-01
9.36275e-01
8.47567e-01
8.20908e-01
8.75706e-01
8.22669e-01
7.67572e-01
9.68992e-01
7.93978e-01
9.34005e-01
9.12961e-01
9.49907e-01
8.77243e-01
8.81438e-01
7.13100e-01
8.28431e-01
8.16949e-01
8.75468e-01
7.14943e-01
8.05634e-01
7.89520e-01
9.13777e-01
8.53333e-01
6.85490e-01
8.07692e-01
9.08491e-01
9.63294e-01
9.73196e-01
8.53636e-01
9.02510e-01
7.09840e-01
8.44180e-01
7.86247e-01
8.85077e-01
8.95959e-01
9.21844e-01
8.34383e-01
9.01794e-01
9.45489e-01
9.23958e-01
7.86201e-01
9.48919e-01
8.04078e-01
8.88516e-01
8.84071e-01
9.04990e-01
8.98204e-01
8.77161e-01
8.62512e-01
8.74214e-01
7.60833e-01
8.90342e-01
8.47826e-01
9.81326e-01
8.91626e-01
8.91743e-01
8.98113e-01
7.98148e-01
8.91150e-01
8.40183e-01
8.93435e-01
8.75000e-01
8.45498e-01
9.20073e-01
8.90878e-01
8.14484e-01
7.62791e-01
8.00000e-01
8.15492e-01
9.65388e-01
8.81764e-01
8.61619e-01
8.58365e-01
7.76230e-01
9.28058e-01
8.59023e-01
5.96749e-01
8.50044e-01
7.52963e-01
8.98500e-01
8.59929e-01
8.77193e-01
7.69784e-01
8.67224e-01
9.00542e-01
9.15870e-01
8.72795e-01
8.29396e-01
6.97615e-01
7.66576e-01
8.78292e-01
9.49167e-01
9.12098e-01
9.59459e-01
8.62709e-01
8.45803e-01
8.12344e-01
7.66012e-01
8.28780e-01
8.37452e-01
9.03743e-01
7.65957e-01
6.87826e-01
8.55660e-01
8.24427e-01
8.61804e-01
9.06750e-01
8.65350e-01
9.08497e-01
8.75548e-01
9.42752e-01
8.78706e-01
8.55760e-01
9.26733e-01
7.05414e-01
8.27234e-01
9.11504e-01
7.12939e-01
8.64452e-01
8.27239e-01
8.30409e-01
8.99107e-01
7.88215e-01
9.12886e-01
8.49126e-01
7.22222e-01
9.03139e-01
9.59032e-01
8.77311e-01
9.12088e-01
9.00638e-01
8.29524e-01
8.93322e-01
9.43648e-01
9.46514e-01
8.73383e-01
9.42346e-01
8.44311e-01
8.94834e-01
8.44344e-01
6.17225e-01
8.37959e-01
9.51402e-01
8.63176e-01
9.09343e-01
7.62351e-01
8.74770e-01
7.48387e-01
7.08268e-01
6.69088e-01
8.27230e-01
7.94393e-01
8.69526e-01
8.24195e-01
7.73768e-01
8.74241e-01
8.67925e-01
9.15094e-01
8.99535e-01
8.96127e-01
7.37920e-01
8.10376e-01
8.04554e-01
8.62101e-01
9.11658e-01
8.84615e-01
8.43209e-01
8.46019e-01
9.38878e-01
6.43185e-01
7.70986e-01
8.61086e-01
8.54098e-01
8.64917e-01
8.55689e-01
8.98230e-01
8.42541e-01
9.09346e-01
9.09821e-01
9.53730e-01
6.73214e-01
8.54452e-01
9.56522e-01
9.00935e-01
8.34137e-01
7.10893e-01
7.65714e-01
9.29954e-01
8.28571e-01
8.62692e-01
8.91144e-01
9.28447e-01
