8.22138e-01
9.43429e-01
9.33145e-01
8.93659e-01
9.07981e-01
9.22438e-01
9.28287e-01
8.99568e-01
9.68487e-01
8.57143e-01
9.55963e-01
9.45035e-01
7.76042e-01
9.63714e-01
9.17850e-01
9.43534e-01
8.91566e-01
9.56098e-01
9.64154e-01
8.28844e-01
9.04159e-01
9.21509e-01
9.59034e-01
9.44553e-01
8.98321e-01
8.90909e-01
9.73294e-01
9.53094e-01
9.47761e-01
8.70682e-01
8.33625e-01
9.11565e-01
7.66696e-01
9.31973e-01
9.70335e-01
9.63653e-01
8.10954e-01
9.53065e-01
8.24337e-01
9.27913e-01
9.41234e-01
8.68914e-01
9.88201e-01
7.98956e-01
8.80637e-01
9.18017e-01
9.18866e-01
9.36782e-01
9.64250e-01
8.88679e-01
9.30324e-01
9.75427e-01
9.85309e-01
9.66934e-01
9.13547e-01
9.16964e-01
6.02365e-01
8.88401e-01
9.13279e-01
8.67871e-01
9.50355e-01
9.19715e-01
8.85789e-01
9.68165e-01
9.44346e-01
9.63190e-01
9.31129e-01
8.79596e-01
9.27815e-01
9.85582e-01
9.62925e-01
8.55025e-01
9.58891e-01
9.14428e-01
9.46328e-01
8.88993e-01
8.93411e-01
9.41057e-01
8.34879e-01
8.44844e-01
9.65278e-01
9.82143e-01
9.14657e-01
7.95620e-01
9.41712e-01
9.83099e-01
9.36210e-01
9.05337e-01
7.53390e-01
9.37251e-01
9.35662e-01
9.63834e-01
9.62206e-01
7.08516e-01
9.28642e-01
9.51170e-01
9.69378e-01
8.07935e-01
9.16435e-01
9.02154e-01
8.64103e-01
9.41532e-01
9.65649e-01
9.45078e-01
9.50505e-01
9.50244e-01
8.42750e-01
8.39966e-01
9.29150e-01
8.70936e-01
9.28875e-01
9.82514e-01
8.76579e-01
9.18992e-01
6.39151e-01
9.17625e-01
7.99823e-01
7.47117e-01
9.03424e-01
9.69312e-01
9.57557e-01
9.17836e-01
8.96928e-01
8.43119e-01
9.32118e-01
9.23611e-01
8.85593e-01
9.53817e-01
8.80039e-01
9.63512e-01
8.66667e-01
9.37178e-01
8.84652e-01
7.98548e-01
9.04494e-01
9.11602e-01
7.11074e-01
8.93186e-01
9.76744e-01
7.10218e-01
9.44502e-01
9.61086e-01
9.35852e-01
9.65944e-01
9.05738e-01
9.59417e-01
8.94691e-01
9.54819e-01
9.63597e-01
9.32127e-01
6.52353e-01
9.18822e-01
9.29991e-01
8.93480e-01
9.21132e-01
9.34641e-01
9.57692e-01
9.44734e-01
9.23148e-01
8.79528e-01
9.68615e-01
9.35361e-01
9.63583e-01
9.65616e-01
9.10697e-01
9.54419e-01
9.37083e-01
7.90698e-01
8.58169e-01
8.57529e-01
9.62777e-01
9.52334e-01
9.56296e-01
9.72564e-01
8.52295e-01
9.15825e-01
8.61566e-01
8.05183e-01
9.22271e-01
9.64657e-01
7.87779e-01
9.51070e-01
9.70974e-01
8.20598e-01
9.69815e-01
9.73214e-01
8.02130e-01
8.38509e-01
9.75046e-01
7.06379e-01
9.28309e-01
9.52096e-01
9.36673e-01
6.28748e-01
9.73545e-01
9.00547e-01
7.54750e-01
9.71916e-01
9.37301e-01
9.01835e-01
8.82175e-01
7.77778e-01
8.96269e-01
9.05519e-01
9.39873e-01
9.30279e-01
9.43289e-01
9.65174e-01
9.48413e-01
9.65795e-01
9.28367e-01
9.70260e-01
7.01493e-01
9.49537e-01
9.53876e-01
8.68633e-01
9.22868e-01
7.91379e-01
9.41839e-01
9.17387e-01
8.15741e-01
9.33333e-01
9.32615e-01
9.03846e-01
7.53791e-01
9.36069e-01
9.63945e-01
7.93286e-01
8.91071e-01
9.40179e-01
9.28377e-01
9.16667e-01
9.41061e-01
9.77000e-01
9.57187e-01
9.32984e-01
9.86328e-01
9.74359e-01
8.82900e-01
9.54155e-01
8.78701e-01
9.49215e-01
8.58131e-01
9.45813e-01
9.12424e-01
8.01688e-01
8.43571e-01
8.78269e-01
9.37339e-01
8.68867e-01
8.54386e-01
9.21292e-01
5.66502e-01
9.53488e-01
9.53234e-01
9.71645e-01
8.93032e-01
9.62114e-01
9.41006e-01
9.63526e-01
8.94426e-01
9.69185e-01
9.24833e-01
9.40604e-01
9.08056e-01
8.16344e-01
8.01681e-01
9.19091e-01
9.39252e-01
7.15957e-01
9.75189e-01
9.23290e-01
8.60302e-01
8.53636e-01
9.41884e-01
9.02790e-01
9.14235e-01
9.33962e-01
8.88551e-01
8.42205e-01
5.95298e-01
9.44828e-01
8.81591e-01
8.59167e-01
9.56479e-01
8.98643e-01
9.20385e-01
8.77253e-01
9.82490e-01
7.03836e-01
7.81250e-01
9.49432e-01
5.83942e-01
9.76838e-01
9.17611e-01
9.45664e-01
9.54461e-01
9.49533e-01
9.63796e-01
6.57604e-01
7.43614e-01
5.23880e-01
9.56784e-01
8.94027e-01
9.57635e-01
8.56490e-01
9.00290e-01
8.86735e-01
9.44798e-01
9.54365e-01
8.94096e-01
7.55372e-01
8.90411e-01
8.60648e-01
9.40822e-01
8.32591e-01
8.31123e-01
9.85401e-01
7.69834e-01
8.92979e-01
9.39279e-01
6.01660e-01
9.72997e-01
9.61203e-01
8.84422e-01
9.32087e-01
9.65642e-01
5.87338e-01
9.12429e-01
9.68720e-01
8.42831e-01
9.65449e-01
8.92586e-01
9.22846e-01
8.95494e-01
9.63834e-01
9.70030e-01
9.48875e-01
9.36477e-01
9.22006e-01
9.82068e-01
9.19765e-01
8.87097e-01
9.63675e-01
9.79284e-01
9.45493e-01
9.11710e-01
9.47368e-01
9.25101e-01
9.15207e-01
8.47806e-01
6.84943e-01
6.37363e-01
6.46605e-01
9.47146e-01
8.54148e-01
9.55696e-01
9.60685e-01
8.82914e-01
9.18451e-01
9.25417e-01
9.27734e-01
5.84650e-01
9.38416e-01
8.59360e-01
9.48244e-01
9.42413e-01
9.71053e-01
9.55709e-01
9.15268e-01
8.32896e-01
9.74820e-01
7.14783e-01
9.11736e-01
7.86722e-01
9.44082e-01
9.04055e-01
9.37864e-01
9.54011e-01
9.10555e-01
8.06061e-01
9.62428e-01
9.24528e-01
8.58568e-01
9.57157e-01
8.74286e-01
9.22776e-01
9.32172e-01
9.54260e-01
9.59447e-01
9.47417e-01
7.75966e-01
9.45148e-01
6.05583e-01
8.86100e-01
9.51583e-01
8.24610e-01
9.26805e-01
9.26285e-01
9.46047e-01
9.00818e-01
9.20635e-01
9.12500e-01
9.28367e-01
9.62679e-01
9.09266e-01
9.00877e-01
9.57129e-01
9.36755e-01
9.75454e-01
8.02771e-01
8.10360e-01
9.56522e-01
9.48027e-01
8.57619e-01
9.40541e-01
9.14554e-01
6.82332e-01
9.79633e-01
8.85435e-01
7.51604e-01
9.48858e-01
9.58209e-01
9.65150e-01
9.16667e-01
9.54342e-01
9.84143e-01
8.92019e-01
8.81938e-01
8.84831e-01
7.78302e-01
8.81760e-01
9.17757e-01
7.80988e-01
9.61343e-01
9.34701e-01
9.61332e-01
8.98276e-01
9.55869e-01
9.33393e-01
8.80157e-01
9.95274e-01
9.43599e-01
5.17991e-01
9.02939e-01
9.68691e-01
9.24386e-01
9.59459e-01
8.53860e-01
9.47615e-01
8.39614e-01
9.32617e-01
9.58596e-01
9.51567e-01
9.88235e-01
9.42888e-01
9.22233e-01
9.67742e-01
9.00000e-01
7.08599e-01
7.21184e-01
9.05393e-01
9.66324e-01
6.31107e-01
8.36004e-01
8.85470e-01
9.58042e-01
7.33023e-01
8.78715e-01
9.64728e-01
9.50754e-01
7.77592e-01
9.29368e-01
7.95673e-01
8.52305e-01
9.53582e-01
9.40997e-01
8.63212e-01
9.32099e-01
8.36538e-01
9.32798e-01
6.35813e-01
9.30103e-01
6.69033e-01
9.87073e-01
6.13685e-01
8.99814e-01
9.60699e-01
8.98477e-01
9.31319e-01
9.59381e-01
8.98662e-01
9.44974e-01
9.60123e-01
8.94597e-01
9.25703e-01
9.37438e-01
7.44681e-01
9.40464e-01
8.11833e-01
8.52151e-01
9.41121e-01
9.71058e-01
8.81849e-01
8.46366e-01
7.82348e-01
9.30279e-01
8.93750e-01
8.64711e-01
7.66898e-01
8.73394e-01
7.64600e-01
9.52734e-01
9.75207e-01
8.81720e-01
8.62162e-01
8.75238e-01
8.97670e-01
9.33697e-01
8.25632e-01
9.36428e-01
8.79891e-01
9.21456e-01
8.71935e-01
9.06166e-01
9.28105e-01
9.04332e-01
8.85510e-01
9.10609e-01
8.71728e-01
7.77202e-01
7.71127e-01
9.13321e-01
8.63546e-01
8.29016e-01
8.10507e-01
8.76026e-01
8.57275e-01
8.73803e-01
9.87217e-01
9.25595e-01
9.08526e-01
8.30420e-01
9.09261e-01
8.39727e-01
8.73016e-01
9.11903e-01
9.16077e-01
9.21435e-01
8.67993e-01
8.68354e-01
7.89076e-01
8.81374e-01
8.86124e-01
8.02830e-01
8.46013e-01
7.83808e-01
8.62500e-01
6.34871e-01
9.37444e-01
8.68837e-01
8.96486e-01
9.55791e-01
8.63592e-01
9.45946e-01
9.27323e-01
8.85496e-01
6.70875e-01
8.12069e-01
8.25765e-01
8.94837e-01
9.74308e-01
9.09543e-01
8.07621e-01
8.58114e-01
9.24125e-01
8.38800e-01
9.13393e-01
8.75572e-01
8.88889e-01
8.15920e-01
8.63556e-01
8.37100e-01
9.86330e-01
8.74435e-01
8.57899e-01
8.90909e-01
9.54733e-01
8.40684e-01
8.80610e-01
8.41146e-01
7.76683e-01
9.56653e-01
8.75906e-01
9.12366e-01
9.12796e-01
9.05063e-01
8.28440e-01
8.85766e-01
9.35747e-01
9.48240e-01
8.21224e-01
8.47905e-01
8.95033e-01
8.38710e-01
9.27885e-01
8.67491e-01
8.67448e-01
8.88023e-01
9.02597e-01
8.06688e-01
7.40228e-01
8.92857e-01
9.15237e-01
8.85077e-01
8.38126e-01
8.47059e-01
8.88340e-01
8.94587e-01
8.54597e-01
9.81169e-01
8.00177e-01
8.88288e-01
9.38869e-01
9.32473e-01
7.64221e-01
7.38136e-01
8.66600e-01
7.46633e-01
7.66698e-01
9.06103e-01
8.37421e-01
8.84507e-01
8.35061e-01
8.55086e-01
8.58047e-01
8.81826e-01
8.81853e-01
8.10498e-01
8.54128e-01
9.47562e-01
8.48135e-01
7.68078e-01
8.40551e-01
8.63309e-01
9.15604e-01
8.78133e-01
9.04275e-01
8.58333e-01
9.15616e-01
8.71668e-01
8.92502e-01
8.34361e-01
8.58390e-01
7.61988e-01
9.33990e-01
9.36190e-01
7.09150e-01
8.47134e-01
8.46831e-01
9.68841e-01
8.84290e-01
8.70672e-01
8.65546e-01
8.38420e-01
7.76955e-01
9.11738e-01
9.02367e-01
8.62467e-01
8.79849e-01
9.50244e-01
9.46375e-01
8.87923e-01
9.01980e-01
9.24510e-01
8.95255e-01
8.85333e-01
9.13043e-01
8.50674e-01
6.53193e-01
9.18062e-01
9.51579e-01
9.13003e-01
8.75000e-01
9.74782e-01
8.91210e-01
8.68324e-01
9.56212e-01
8.89283e-01
8.94185e-01
8.10280e-01
8.83562e-01
7.54653e-01
8.89094e-01
9.13043e-01
8.20578e-01
7.46097e-01
9.11867e-01
8.61878e-01
9.03568e-01
8.59347e-01
9.53623e-01
8.50900e-01
9.00372e-01
8.27957e-01
9.32683e-01
8.05272e-01
8.73511e-01
8.92105e-01
8.77960e-01
8.95579e-01
8.39962e-01
8.99091e-01
9.11069e-01
8.69609e-01
9.44069e-01
8.63813e-01
9.63178e-01
8.24459e-01
8.02026e-01
8.01457e-01
9.03080e-01
8.18734e-01
8.70647e-01
8.89839e-01
8.69781e-01
9.08118e-01
9.66881e-01
8.54430e-01
8.90386e-01
8.79725e-01
8.27986e-01
8.49392e-01
8.60443e-01
8.49186e-01
9.23618e-01
8.38136e-01
8.20746e-01
9.24771e-01
8.77551e-01
9.58412e-01
9.20837e-01
8.47922e-01
7.38837e-01
7.68430e-01
8.45109e-01
9.26784e-01
8.65475e-01
9.06072e-01
7.98326e-01
9.06188e-01
8.80829e-01
8.83504e-01
8.09099e-01
8.69817e-01
9.05320e-01
9.20108e-01
9.14393e-01
8.62949e-01
9.77642e-01
9.23436e-01
8.48485e-01
9.29389e-01
8.96218e-01
8.10811e-01
8.82625e-01
7.95053e-01
8.92292e-01
9.49533e-01
8.63014e-01
9.55122e-01
8.74875e-01
9.15567e-01
8.62873e-01
8.40669e-01
8.63763e-01
9.70615e-01
8.77907e-01
9.48482e-01
8.45951e-01
9.60168e-01
8.73077e-01
9.09346e-01
9.34087e-01
9.15686e-01
9.11172e-01
8.35902e-01
8.57909e-01
7.36100e-01
8.84501e-01
9.26279e-01
9.12523e-01
8.67689e-01
6.14198e-01
9.32821e-01
7.65818e-01
8.36847e-01
9.52426e-01
8.83350e-01
8.39462e-01
9.76482e-01
8.04519e-01
7.04618e-01
8.61004e-01
9.12077e-01
8.94366e-01
9.14439e-01
8.92692e-01
9.17989e-01
9.38856e-01
8.47505e-01
8.39655e-01
8.54869e-01
8.48514e-01
7.82884e-01
9.69874e-01
7.77247e-01
9.47514e-01
9.18944e-01
9.68780e-01
9.08478e-01
9.09449e-01
7.12825e-01
8.57858e-01
8.34188e-01
8.99811e-01
7.90123e-01
8.40607e-01
8.21234e-01
8.43778e-01
8.81341e-01
7.51024e-01
8.37893e-01
9.29756e-01
9.63439e-01
9.76067e-01
8.97361e-01
9.03226e-01
6.97279e-01
8.81591e-01
8.27150e-01
9.13688e-01
9.06816e-01
9.35961e-01
8.34838e-01
9.23810e-01
9.52652e-01
9.03787e-01
7.30675e-01
9.53967e-01
8.35443e-01
9.15808e-01
8.51101e-01
8.76318e-01
9.21875e-01
8.94009e-01
8.65672e-01
8.60177e-01
7.40771e-01
8.89899e-01
9.04433e-01
9.66480e-01
8.92893e-01
8.83806e-01
9.34172e-01
8.15939e-01
8.68911e-01
8.45380e-01
8.92023e-01
8.05709e-01
8.95610e-01
8.86842e-01
9.02754e-01
8.54985e-01
7.89724e-01
8.18182e-01
7.86449e-01
9.62582e-01
9.17933e-01
8.96797e-01
8.75728e-01
7.78578e-01
9.24188e-01
8.45865e-01
7.48264e-01
8.75436e-01
7.58094e-01
8.88889e-01
8.57524e-01
8.92958e-01
7.31211e-01
8.17096e-01
9.22303e-01
9.18017e-01
8.54089e-01
8.58940e-01
7.29543e-01
7.78899e-01
8.84335e-01
9.45181e-01
9.20802e-01
9.63356e-01
8.58867e-01
8.77684e-01
7.82718e-01
7.71748e-01
9.11765e-01
8.26742e-01
9.27240e-01
8.25044e-01
7.63508e-01
8.79195e-01
8.21824e-01
8.62707e-01
9.06893e-01
9.19926e-01
8.61566e-01
9.10000e-01
9.55597e-01
8.62816e-01
8.63462e-01
9.34459e-01
7.41310e-01
8.54797e-01
9.22473e-01
7.20137e-01
8.99531e-01
8.40000e-01
8.70130e-01
8.76224e-01
7.70327e-01
9.20591e-01
8.82798e-01
7.78689e-01
8.93694e-01
9.69436e-01
9.05983e-01
9.13306e-01
9.27577e-01
8.41332e-01
9.20035e-01
8.94106e-01
9.33590e-01
8.76394e-01
9.54315e-01
8.69609e-01
9.03013e-01
8.82682e-01
6.65835e-01
8.52810e-01
9.55827e-01
8.29949e-01
8.96455e-01
7.77875e-01
8.65138e-01
7.53994e-01
8.10231e-01
7.40084e-01
8.58238e-01
8.48725e-01
9.21681e-01
8.67739e-01
8.52474e-01
9.00964e-01
8.67265e-01
9.28640e-01
9.31002e-01
9.25694e-01
8.10742e-01
8.54749e-01
8.49093e-01
8.72897e-01
8.53122e-01
8.73973e-01
8.38448e-01
8.77442e-01
9.27492e-01
7.18501e-01
7.65905e-01
8.65299e-01
8.50885e-01
9.15187e-01
8.84398e-01
9.14260e-01
8.77934e-01
8.97100e-01
8.96336e-01
9.50382e-01
8.82414e-01
8.71993e-01
9.74757e-01
9.25430e-01
8.44378e-01
7.24541e-01
7.81365e-01
9.31003e-01
8.94876e-01
8.59855e-01
9.06047e-01
9.21329e-01
7.59036e-01
9.48018e-01
9.09259e-01
8.85875e-01
8.95522e-01
9.53065e-01
9.27928e-01
8.88649e-01
9.52183e-01
9.29187e-01
9.72923e-01
9.68468e-01
7.86408e-01
9.75054e-01
9.04762e-01
9.43675e-01
9.06655e-01
9.68872e-01
9.67502e-01
8.69875e-01
9.25994e-01
9.68717e-01
9.51782e-01
9.53216e-01
9.29245e-01
8.46948e-01
9.61462e-01
9.13471e-01
9.54419e-01
8.62745e-01
8.56115e-01
8.92789e-01
7.80894e-01
9.22414e-01
9.59662e-01
9.65517e-01
8.23691e-01
9.57611e-01
7.98025e-01
9.28994e-01
9.51533e-01
8.57674e-01
9.96040e-01
8.15492e-01
8.66142e-01
9.18233e-01
9.27146e-01
9.37680e-01
9.50932e-01
8.54495e-01
9.37378e-01
9.73118e-01
9.82370e-01
9.61616e-01
8.87411e-01
9.19858e-01
6.08438e-01
8.70256e-01
9.32470e-01
8.88363e-01
9.44346e-01
9.03749e-01
8.42513e-01
9.64750e-01
9.11404e-01
9.46247e-01
9.24339e-01
8.76725e-01
8.15812e-01
9.87692e-01
9.68880e-01
8.63192e-01
9.58694e-01
9.30514e-01
9.65812e-01
8.71269e-01
8.80539e-01
9.57317e-01
8.24578e-01
8.86628e-01
9.71116e-01
9.80040e-01
9.10351e-01
6.67658e-01
9.41230e-01
9.83099e-01
8.39365e-01
9.07071e-01
7.77489e-01
9.26181e-01
9.28832e-01
9.73588e-01
9.68140e-01
7.43451e-01
9.19881e-01
8.85849e-01
9.68541e-01
8.07448e-01
9.25581e-01
9.16004e-01
8.18496e-01
9.30514e-01
9.47170e-01
9.57023e-01
9.64575e-01
9.54813e-01
8.32558e-01
8.36820e-01
9.35354e-01
8.75992e-01
9.24686e-01
9.86942e-01
8.26779e-01
9.11686e-01
7.33945e-01
9.47988e-01
8.44011e-01
8.19130e-01
8.85217e-01
9.70339e-01
9.52965e-01
9.20635e-01
9.32271e-01
9.31774e-01
9.40102e-01
9.36064e-01
9.03863e-01
9.14657e-01
8.00755e-01
9.67598e-01
8.58095e-01
9.28131e-01
9.18406e-01
8.04469e-01
9.12879e-01
8.88688e-01
6.91870e-01
8.47645e-01
9.71154e-01
7.48933e-01
9.67876e-01
9.58144e-01
9.53263e-01
9.43935e-01
8.86410e-01
9.49588e-01
8.76083e-01
9.59880e-01
9.89259e-01
9.17112e-01
6.38699e-01
8.92635e-01
9.15014e-01
9.15663e-01
9.21986e-01
9.31860e-01
9.66249e-01
9.39487e-01
9.06481e-01
9.01361e-01
9.71708e-01
9.00943e-01
9.74283e-01
9.79962e-01
9.47896e-01
9.88701e-01
9.38272e-01
8.09886e-01
8.70320e-01
8.89680e-01
9.55956e-01
9.41700e-01
9.50769e-01
9.71429e-01
8.46838e-01
9.24915e-01
8.91144e-01
8.64060e-01
9.06063e-01
9.62617e-01
8.11352e-01
9.43878e-01
9.81185e-01
8.74784e-01
9.53713e-01
9.83068e-01
8.01029e-01
8.19983e-01
9.65899e-01
7.59653e-01
9.41989e-01
9.57746e-01
9.13523e-01
5.85859e-01
9.75610e-01
9.12886e-01
7.44444e-01
9.59960e-01
9.35897e-01
9.12844e-01
8.77591e-01
7.91189e-01
8.89405e-01
9.60539e-01
9.55414e-01
9.15521e-01
9.45507e-01
9.61310e-01
9.35834e-01
9.64646e-01
9.55556e-01
9.52118e-01
7.01245e-01
9.49485e-01
9.51724e-01
7.93431e-01
9.00088e-01
8.95536e-01
9.30168e-01
9.11907e-01
7.34120e-01
9.22731e-01
9.48998e-01
9.06422e-01
7.67777e-01
9.08577e-01
9.33124e-01
7.53224e-01
9.01802e-01
9.34498e-01
9.12568e-01
8.65765e-01
8.28110e-01
9.66000e-01
9.63992e-01
9.15026e-01
9.88247e-01
9.76355e-01
8.71058e-01
9.61722e-01
8.99905e-01
9.54163e-01
8.94046e-01
9.46746e-01
9.28717e-01
7.68430e-01
8.75630e-01
8.35847e-01
9.65187e-01
8.51327e-01
8.70270e-01
9.09722e-01
5.86771e-01
9.56256e-01
9.52334e-01
9.69783e-01
8.89107e-01
9.56479e-01
9.39481e-01
9.78439e-01
9.11715e-01
9.60630e-01
9.32187e-01
9.27664e-01
9.00000e-01
7.55365e-01
7.79801e-01
9.15405e-01
9.28571e-01
6.16858e-01
9.65848e-01
9.40566e-01
9.23077e-01
8.88674e-01
8.90304e-01
9.19530e-01
9.49504e-01
9.25234e-01
8.98785e-01
8.52797e-01
6.42491e-01
9.44227e-01
8.68897e-01
8.62100e-01
9.57719e-01
9.03811e-01
9.05217e-01
9.18656e-01
9.65251e-01
7.45686e-01
7.81481e-01
9.26707e-01
5.93298e-01
9.78000e-01
9.28645e-01
9.09651e-01
9.64684e-01
9.47615e-01
9.73425e-01
7.11879e-01
6.27989e-01
5.19202e-01
9.55090e-01
8.50379e-01
9.67099e-01
8.80556e-01
9.40834e-01
8.81633e-01
9.27061e-01
9.56479e-01
8.99335e-01
7.57754e-01
9.40017e-01
8.93596e-01
9.42714e-01
8.16379e-01
8.38854e-01
9.79034e-01
7.30145e-01
9.03198e-01
9.58373e-01
6.90068e-01
9.62489e-01
9.64147e-01
8.88778e-01
9.21130e-01
9.76449e-01
6.51591e-01
9.16588e-01
9.62751e-01
8.64266e-01
9.56012e-01
9.31574e-01
9.03638e-01
8.64455e-01
9.72553e-01
9.61000e-01
9.62129e-01
9.60501e-01
9.50606e-01
9.80063e-01
9.07023e-01
8.69442e-01
8.74874e-01
9.58333e-01
9.24012e-01
9.51644e-01
9.65550e-01
8.81710e-01
9.05505e-01
8.24818e-01
6.82887e-01
6.73954e-01
6.94313e-01
9.50837e-01
8.32432e-01
9.49314e-01
9.50605e-01
8.96522e-01
9.04137e-01
9.48104e-01
9.20269e-01
6.49805e-01
9.30966e-01
9.01865e-01
9.54880e-01
8.81282e-01
9.67515e-01
9.56479e-01
8.76047e-01
8.28058e-01
9.77477e-01
8.18431e-01
9.51724e-01
7.92262e-01
9.62825e-01
8.61423e-01
9.22854e-01
9.58110e-01
8.67826e-01
8.20175e-01
9.32075e-01
9.11449e-01
9.00842e-01
9.47977e-01
8.65997e-01
9.44000e-01
9.06278e-01
9.67302e-01
9.44088e-01
9.12603e-01
7.65870e-01
9.49947e-01
6.07477e-01
9.06312e-01
9.74432e-01
7.79279e-01
9.13171e-01
9.14976e-01
9.18919e-01
9.10678e-01
9.33877e-01
9.00387e-01
9.31754e-01
9.71209e-01
7.97952e-01
8.74564e-01
9.56914e-01
9.15531e-01
9.40866e-01
7.59154e-01
8.32734e-01
9.48482e-01
9.43050e-01
8.62696e-01
9.50413e-01
9.18868e-01
7.30173e-01
9.83756e-01
9.12376e-01
7.09059e-01
9.38294e-01
9.56479e-01
9.64844e-01
9.37319e-01
9.46809e-01
9.77362e-01
9.22127e-01
8.50854e-01
8.93497e-01
8.09947e-01
8.79420e-01
9.12721e-01
6.60052e-01
9.16008e-01
9.17127e-01
9.52991e-01
9.49400e-01
9.47664e-01
9.28315e-01
8.32075e-01
9.90539e-01
9.36323e-01
6.08563e-01
8.75334e-01
9.72407e-01
9.07021e-01
9.29725e-01
8.79439e-01
9.36744e-01
8.74251e-01
9.34066e-01
9.61086e-01
9.47569e-01
9.84344e-01
9.51456e-01
9.29283e-01
9.55868e-01
7.92705e-01
6.66667e-01
6.82031e-01
8.94636e-01
9.66387e-01
6.81934e-01
8.68821e-01
8.92031e-01
9.52475e-01
7.00261e-01
8.78148e-01
9.68839e-01
9.42598e-01
8.94981e-01
9.43396e-01
7.86580e-01
8.83588e-01
8.81404e-01
9.31563e-01
8.78762e-01
9.64694e-01
8.40497e-01
9.26368e-01
5.85739e-01
8.86636e-01
6.89469e-01
9.80787e-01
6.45849e-01
8.96584e-01
9.50834e-01
9.08444e-01
9.39982e-01
9.47826e-01
9.33654e-01
9.53912e-01
9.58544e-01
8.79111e-01
9.07631e-01
9.32271e-01
7.85354e-01
9.40162e-01
8.57573e-01
8.64743e-01
9.30582e-01
9.66967e-01
8.93196e-01
8.54478e-01
8.10787e-01
9.22772e-01
8.96889e-01
8.31291e-01
7.81498e-01
8.75346e-01
8.53309e-01
9.54713e-01
9.71341e-01
9.05045e-01
8.48404e-01
8.40075e-01
8.44794e-01
9.60036e-01
8.52050e-01
9.36364e-01
8.59556e-01
9.17308e-01
8.58431e-01
8.99287e-01
9.60674e-01
9.14701e-01
9.02066e-01
8.84615e-01
8.64261e-01
8.02691e-01
7.97380e-01
8.82406e-01
8.58276e-01
8.46154e-01
6.12565e-01
8.86740e-01
8.64015e-01
8.46690e-01
9.83301e-01
8.46890e-01
9.02048e-01
8.64816e-01
9.23954e-01
8.69679e-01
8.76980e-01
9.06047e-01
9.25253e-01
9.05825e-01
8.49866e-01
8.84746e-01
7.98836e-01
8.66528e-01
8.96718e-01
8.20537e-01
8.71628e-01
8.16308e-01
8.67180e-01
6.35714e-01
9.33511e-01
8.61524e-01
8.84872e-01
9.09405e-01
8.96311e-01
9.67487e-01
9.13793e-01
8.78585e-01
6.32858e-01
8.44190e-01
7.99453e-01
9.10577e-01
9.65139e-01
8.69141e-01
8.24186e-01
8.66724e-01
9.39961e-01
8.54823e-01
9.33453e-01
8.66606e-01
9.01718e-01
8.59169e-01
8.59279e-01
7.87273e-01
9.84194e-01
8.91026e-01
8.85689e-01
8.88584e-01
9.43147e-01
8.90826e-01
8.78049e-01
8.30172e-01
7.63934e-01
9.49749e-01
8.79964e-01
9.21799e-01
9.25260e-01
9.15837e-01
8.55153e-01
9.03758e-01
9.23283e-01
9.49380e-01
8.07050e-01
9.17987e-01
8.54262e-01
8.51135e-01
9.33462e-01
9.00901e-01
8.35702e-01
8.66089e-01
8.96964e-01
8.03265e-01
7.46018e-01
8.91892e-01
9.27477e-01
8.81647e-01
8.19315e-01
7.55591e-01
9.08184e-01
9.02765e-01
8.41520e-01
9.84252e-01
8.02536e-01
8.55124e-01
9.32910e-01
9.43396e-01
8.43983e-01
7.88428e-01
8.75627e-01
7.88975e-01
8.57143e-01
9.33654e-01
8.17128e-01
8.82841e-01
8.38679e-01
8.63289e-01
8.60234e-01
8.81250e-01
8.92148e-01
8.35677e-01
8.67216e-01
9.61183e-01
8.62623e-01
7.67172e-01
8.37325e-01
8.76233e-01
9.11851e-01
8.72975e-01
8.86932e-01
8.72360e-01
8.65201e-01
9.16584e-01
9.08840e-01
8.65712e-01
8.70155e-01
7.80229e-01
9.39303e-01
9.32203e-01
7.65453e-01
8.46154e-01
8.46222e-01
9.65217e-01
8.78163e-01
7.74256e-01
8.78277e-01
7.75087e-01
7.70248e-01
8.99197e-01
9.09091e-01
8.91089e-01
9.11090e-01
9.67423e-01
9.59596e-01
8.76543e-01
8.97537e-01
9.37378e-01
8.96150e-01
8.64794e-01
9.05091e-01
8.39806e-01
6.43891e-01
9.12929e-01
9.44561e-01
9.07390e-01
8.82514e-01
9.64113e-01
8.98768e-01
8.91244e-01
9.47047e-01
9.04635e-01
9.18841e-01
8.38278e-01
8.74023e-01
7.69561e-01
8.98054e-01
9.12859e-01
8.87411e-01
7.54576e-01
9.20105e-01
8.80556e-01
8.88031e-01
8.60234e-01
9.71624e-01
8.59966e-01
9.10280e-01
8.61111e-01
9.30664e-01
8.42697e-01
8.78341e-01
8.78497e-01
9.04324e-01
8.91407e-01
8.45720e-01
9.21442e-01
9.13907e-01
8.80977e-01
9.54102e-01
8.80583e-01
9.59459e-01
8.51695e-01
7.71849e-01
8.44045e-01
8.94879e-01
7.86802e-01
8.51562e-01
8.86990e-01
8.97898e-01
8.60262e-01
9.76744e-01
8.38129e-01
8.73002e-01
9.10435e-01
8.33482e-01
8.60927e-01
8.95610e-01
8.59966e-01
9.12298e-01
8.48252e-01
8.24015e-01
9.13321e-01
8.98722e-01
9.48454e-01
9.22797e-01
8.73665e-01
7.55102e-01
7.87435e-01
8.40502e-01
9.04936e-01
8.70301e-01
8.72778e-01
7.83042e-01
9.04245e-01
8.78709e-01
8.65741e-01
7.76605e-01
8.69025e-01
9.02679e-01
9.10714e-01
8.90221e-01
8.77358e-01
9.70498e-01
9.25000e-01
8.60444e-01
9.43020e-01
9.13732e-01
8.13177e-01
8.92724e-01
8.41155e-01
9.14257e-01
9.39703e-01
9.06344e-01
9.56735e-01
8.65157e-01
9.19156e-01
8.33026e-01
8.43154e-01
8.49214e-01
9.76873e-01
8.59903e-01
9.34562e-01
8.19686e-01
9.46316e-01
8.54976e-01
8.91125e-01
9.27171e-01
9.20197e-01
9.13242e-01
8.38938e-01
8.48270e-01
7.48748e-01
8.90533e-01
8.94148e-01
9.30018e-01
8.96318e-01
6.10470e-01
9.34678e-01
7.29515e-01
8.16216e-01
9.50382e-01
9.14110e-01
8.35714e-01
9.68927e-01
8.31527e-01
6.87249e-01
8.46371e-01
9.15303e-01
9.07614e-01
9.17626e-01
9.18463e-01
9.23211e-01
9.56871e-01
8.33640e-01
8.50044e-01
8.66105e-01
8.27458e-01
7.68322e-01
9.72656e-01
8.14123e-01
9.42096e-01
8.91892e-01
9.73308e-01
8.94535e-01
8.85326e-01
7.36991e-01
8.37945e-01
8.32198e-01
9.12464e-01
7.94118e-01
8.37452e-01
8.66355e-01
8.44144e-01
8.59571e-01
7.35008e-01
8.38028e-01
9.35078e-01
9.60630e-01
9.53704e-01
8.85214e-01
9.18208e-01
7.47405e-01
8.65989e-01
8.11864e-01
9.10201e-01
9.02080e-01
9.16584e-01
8.43778e-01
9.06161e-01
9.48064e-01
9.11943e-01
7.29201e-01
9.52802e-01
8.50814e-01
9.13230e-01
8.90288e-01
9.04031e-01
9.24348e-01
9.20422e-01
8.68395e-01
8.48432e-01
7.72269e-01
8.78000e-01
9.02655e-01
9.66636e-01
9.23232e-01
8.98165e-01
9.11513e-01
7.74884e-01
8.84173e-01
8.46295e-01
8.86124e-01
8.31492e-01
8.91839e-01
9.19708e-01
8.86695e-01
8.41893e-01
8.02844e-01
8.19140e-01
7.15909e-01
9.73485e-01
8.96897e-01
8.59362e-01
8.67816e-01
7.28329e-01
9.06559e-01
8.75594e-01
7.85652e-01
8.52302e-01
7.06655e-01
8.82509e-01
8.56506e-01
8.91264e-01
7.38786e-01
8.70336e-01
9.02790e-01
9.13662e-01
8.56614e-01
8.44029e-01
7.37489e-01
7.40708e-01
8.77828e-01
9.57181e-01
9.15076e-01
9.60463e-01
8.48624e-01
8.67525e-01
7.67022e-01
7.30900e-01
8.58845e-01
7.87850e-01
9.07638e-01
8.17699e-01
7.71556e-01
8.86450e-01
8.27087e-01
8.48602e-01
9.27863e-01
8.93773e-01
8.57396e-01
8.96646e-01
9.43985e-01
8.75224e-01
8.84990e-01
9.21705e-01
7.83011e-01
8.61111e-01
9.21337e-01
7.32407e-01
8.69048e-01
8.33795e-01
8.28571e-01
8.74101e-01
8.46221e-01
9.03196e-01
8.66917e-01
7.74840e-01
9.09420e-01
9.55744e-01
8.71513e-01
9.08367e-01
9.25234e-01
8.61138e-01
9.19014e-01
9.20973e-01
9.42940e-01
8.79182e-01
9.42116e-01
7.97862e-01
8.97100e-01
8.62511e-01
6.63907e-01
8.61759e-01
9.53140e-01
8.58362e-01
9.21569e-01
7.96041e-01
8.57143e-01
7.87113e-01
7.74797e-01
7.84348e-01
8.71154e-01
8.67201e-01
9.01130e-01
8.70705e-01
8.38113e-01
8.80766e-01
8.67502e-01
9.45684e-01
9.16510e-01
9.07407e-01
8.27320e-01
8.44968e-01
8.16667e-01
8.68297e-01
8.93598e-01
8.87350e-01
8.45668e-01
8.65606e-01
9.26368e-01
6.63077e-01
8.07137e-01
8.46495e-01
8.52745e-01
8.63067e-01
8.69926e-01
9.25455e-01
8.86578e-01
9.02256e-01
9.14778e-01
9.75120e-01
9.17722e-01
8.83016e-01
9.59223e-01
9.24812e-01
8.51149e-01
7.27801e-01
8.08285e-01
9.36803e-01
8.77622e-01
8.51584e-01
9.10946e-01
9.32456e-01
7.53927e-01
9.14457e-01
9.56439e-01
9.16586e-01
8.81860e-01
9.29038e-01
9.56967e-01
9.03190e-01
9.52183e-01
9.45684e-01
9.32021e-01
9.56093e-01
7.52971e-01
9.72252e-01
9.15479e-01
9.39505e-01
9.27753e-01
9.10305e-01
9.70177e-01
8.40655e-01
9.17958e-01
9.12867e-01
9.65921e-01
9.61840e-01
8.92093e-01
8.12825e-01
9.67164e-01
9.30762e-01
9.52995e-01
8.92630e-01
8.46085e-01
9.03754e-01
7.90759e-01
9.54858e-01
9.74138e-01
9.59259e-01
7.92672e-01
9.49564e-01
8.09132e-01
9.26706e-01
9.15591e-01
8.91841e-01
9.86248e-01
8.22552e-01
8.43277e-01
9.16038e-01
9.32798e-01
9.15560e-01
9.49951e-01
9.00474e-01
9.60883e-01
9.50370e-01
9.82387e-01
9.59596e-01
8.74451e-01
9.21917e-01
6.01056e-01
9.39146e-01
9.52741e-01
8.05556e-01
9.43850e-01
8.67793e-01
8.63436e-01
9.71109e-01
9.05677e-01
9.68107e-01
9.29809e-01
8.74771e-01
9.13168e-01
9.85670e-01
9.65874e-01
8.36885e-01
9.75024e-01
9.29773e-01
9.42398e-01
8.84652e-01
9.20543e-01
9.55716e-01
8.57542e-01
8.90927e-01
9.67327e-01
9.81132e-01
9.06568e-01
6.00575e-01
9.36652e-01
9.78343e-01
8.53076e-01
9.11854e-01
6.86018e-01
9.50853e-01
9.30491e-01
9.62094e-01
9.56122e-01
7.11386e-01
9.34804e-01
9.45510e-01
9.67402e-01
7.96178e-01
9.09672e-01
8.99645e-01
8.69983e-01
9.47208e-01
9.44814e-01
9.23395e-01
9.61421e-01
9.45684e-01
8.21363e-01
9.04431e-01
9.35649e-01
8.56305e-01
9.35037e-01
9.72707e-01
8.63462e-01
9.36652e-01
7.62215e-01
9.13340e-01
8.24885e-01
7.71857e-01
8.97458e-01
9.59746e-01
9.66771e-01
9.06588e-01
9.46787e-01
8.27397e-01
9.36255e-01
9.25447e-01
8.74055e-01
9.47418e-01
8.46154e-01
9.71494e-01
8.83562e-01
9.70954e-01
9.07285e-01
8.22057e-01
9.31584e-01
8.94064e-01
7.15566e-01
9.07834e-01
9.72973e-01
7.22500e-01
9.63768e-01
8.94783e-01
9.62466e-01
9.61856e-01
8.66534e-01
9.49692e-01
9.33099e-01
9.59473e-01
9.42308e-01
9.26288e-01
6.52361e-01
8.91916e-01
9.27894e-01
8.78957e-01
9.29507e-01
9.27374e-01
9.71154e-01
9.46447e-01
9.31839e-01
8.88508e-01
9.58155e-01
9.29725e-01
9.77092e-01
9.30386e-01
9.33333e-01
9.78585e-01
9.37083e-01
7.87627e-01
8.84473e-01
9.41070e-01
9.75782e-01
9.34394e-01
9.53222e-01
9.79924e-01
7.89374e-01
9.23401e-01
8.99441e-01
9.32692e-01
9.19521e-01
9.58763e-01
6.98708e-01
9.63880e-01
9.68750e-01
8.24358e-01
9.62136e-01
9.54102e-01
7.56077e-01
8.36199e-01
9.66942e-01
7.80100e-01
9.46069e-01
9.53862e-01
9.04762e-01
5.73427e-01
9.77683e-01
8.84409e-01
7.33448e-01
9.59285e-01
9.29862e-01
8.81818e-01
8.86905e-01
7.86096e-01
8.79964e-01
8.96936e-01
9.48773e-01
9.29980e-01
9.38154e-01
9.74026e-01
9.46482e-01
9.52669e-01
9.76676e-01
9.27911e-01
7.16080e-01
9.20245e-01
9.76238e-01
8.69449e-01
8.71795e-01
8.69681e-01
9.28172e-01
9.05983e-01
8.02880e-01
9.23783e-01
9.46847e-01
8.94641e-01
6.73487e-01
8.88263e-01
9.28645e-01
7.82084e-01
8.96705e-01
9.47842e-01
9.14951e-01
8.41945e-01
8.23142e-01
9.79208e-01
9.25224e-01
9.13632e-01
9.69578e-01
9.54012e-01
8.80445e-01
9.58055e-01
9.04489e-01
9.60857e-01
8.95197e-01
9.46429e-01
9.42073e-01
6.64245e-01
7.99350e-01
7.84330e-01
9.08319e-01
8.97205e-01
8.79433e-01
9.05337e-01
6.72350e-01
9.48485e-01
9.55090e-01
9.73635e-01
9.06034e-01
9.64036e-01
9.19847e-01
9.54910e-01
9.02946e-01
9.71287e-01
9.41463e-01
9.43470e-01
9.12554e-01
8.32149e-01
7.55795e-01
9.33636e-01
9.48815e-01
6.22170e-01
9.39112e-01
9.32836e-01
9.35654e-01
8.31776e-01
9.06312e-01
8.80677e-01
9.11170e-01
9.35098e-01
8.90688e-01
8.34128e-01
5.86570e-01
9.77160e-01
8.69767e-01
8.42561e-01
9.38175e-01
8.77939e-01
8.79414e-01
9.36833e-01
9.51056e-01
7.58716e-01
7.68677e-01
9.29860e-01
5.74964e-01
9.76908e-01
8.86887e-01
9.40083e-01
9.44030e-01
9.61248e-01
9.75442e-01
6.05220e-01
6.57168e-01
7.63604e-01
9.15493e-01
8.82579e-01
9.70149e-01
8.95406e-01
9.41349e-01
9.12190e-01
9.55724e-01
9.56778e-01
9.12879e-01
7.67402e-01
9.32409e-01
9.55440e-01
9.49444e-01
7.02128e-01
8.74771e-01
9.53846e-01
7.74443e-01
9.00260e-01
9.29038e-01
7.01426e-01
9.85321e-01
9.47624e-01
8.75869e-01
9.43396e-01
9.58446e-01
6.34882e-01
9.00465e-01
9.34659e-01
8.10739e-01
9.37070e-01
9.46955e-01
8.71470e-01
8.88995e-01
9.26655e-01
9.59677e-01
9.60123e-01
9.53171e-01
9.59203e-01
9.58947e-01
9.07425e-01
8.93232e-01
8.97436e-01
9.71831e-01
9.37952e-01
9.34034e-01
9.52919e-01
9.30754e-01
8.76825e-01
8.77820e-01
6.91619e-01
6.84061e-01
6.48928e-01
9.57380e-01
8.26631e-01
9.53390e-01
9.36874e-01
8.20234e-01
8.73156e-01
9.74849e-01
9.16424e-01
6.25698e-01
9.49605e-01
8.90208e-01
9.57525e-01
9.63100e-01
9.61606e-01
9.70179e-01
9.21821e-01
8.75000e-01
9.72172e-01
8.21396e-01
9.01639e-01
7.94764e-01
9.42413e-01
8.45331e-01
9.36770e-01
9.67391e-01
9.67742e-01
8.46154e-01
9.56647e-01
8.65100e-01
8.74074e-01
9.39981e-01
8.95082e-01
9.32153e-01
8.66368e-01
9.58521e-01
9.56279e-01
9.05320e-01
8.27225e-01
9.20372e-01
5.93750e-01
9.33131e-01
9.72616e-01
8.07163e-01
9.24453e-01
9.62782e-01
9.42539e-01
9.22144e-01
9.42675e-01
8.76289e-01
9.26484e-01
9.60415e-01
8.35135e-01
9.23885e-01
9.61078e-01
9.21731e-01
9.75480e-01
7.82362e-01
8.18996e-01
9.29098e-01
9.25962e-01
8.77926e-01
9.38350e-01
9.15809e-01
6.59051e-01
9.77665e-01
8.82819e-01
7.54083e-01
9.29936e-01
9.44444e-01
9.56905e-01
9.13534e-01
9.37998e-01
9.89033e-01
8.87535e-01
8.61035e-01
8.61624e-01
7.46914e-01
8.72711e-01
9.28504e-01
7.50693e-01
9.63526e-01
9.52113e-01
9.60172e-01
9.60173e-01
9.61027e-01
9.40909e-01
8.98798e-01
9.93377e-01
8.99734e-01
5.79812e-01
8.47295e-01
9.64728e-01
8.95138e-01
9.50429e-01
8.12063e-01
9.58491e-01
8.22491e-01
9.40828e-01
9.54545e-01
9.24976e-01
9.81500e-01
9.45720e-01
9.32087e-01
9.38296e-01
8.44144e-01
7.75920e-01
7.16745e-01
8.67481e-01
9.76744e-01
6.39525e-01
8.83877e-01
8.05911e-01
9.72028e-01
7.32062e-01
8.72494e-01
9.61321e-01
9.34132e-01
8.82246e-01
9.34334e-01
7.27201e-01
8.78302e-01
9.22078e-01
9.56967e-01
8.94005e-01
9.58121e-01
8.55225e-01
9.35549e-01
6.67870e-01
9.34762e-01
7.05172e-01
9.79909e-01
6.19512e-01
9.04007e-01
9.64035e-01
9.06409e-01
9.30876e-01
9.53668e-01
8.81020e-01
9.54060e-01
9.61616e-01
8.46620e-01
9.44106e-01
9.40584e-01
7.97227e-01
9.24644e-01
8.79433e-01
8.44765e-01
9.57652e-01
9.64143e-01
8.78762e-01
8.51064e-01
8.65129e-01
9.31932e-01
9.12455e-01
8.31776e-01
7.55068e-01
8.71177e-01
7.63042e-01
9.56969e-01
9.66119e-01
9.00794e-01
8.48485e-01
8.38527e-01
8.74016e-01
9.59128e-01
8.12178e-01
9.31907e-01
8.46425e-01
9.18191e-01
8.54693e-01
8.88303e-01
9.63981e-01
9.00452e-01
8.90179e-01
9.14454e-01
8.91916e-01
8.15412e-01
7.64858e-01
9.08925e-01
8.24047e-01
8.85816e-01
6.58730e-01
8.81295e-01
8.32567e-01
8.74447e-01
9.85265e-01
8.33647e-01
8.75109e-01
8.24760e-01
9.12232e-01
8.22526e-01
8.70787e-01
9.00935e-01
9.11178e-01
9.29204e-01
8.45878e-01
9.02730e-01
7.43569e-01
8.98721e-01
8.72849e-01
8.38647e-01
8.74768e-01
7.80423e-01
8.77907e-01
6.16170e-01
8.91823e-01
8.77589e-01
8.88263e-01
9.16955e-01
8.83929e-01
9.29974e-01
9.19311e-01
8.50000e-01
6.75741e-01
7.08070e-01
8.30084e-01
9.00756e-01
9.58333e-01
9.22619e-01
8.21161e-01
8.75108e-01
9.40834e-01
8.27937e-01
9.09091e-01
8.50358e-01
8.61811e-01
8.40886e-01
8.23684e-01
8.38015e-01
9.83193e-01
8.28700e-01
8.90764e-01
8.70188e-01
9.50719e-01
9.47469e-01
8.82140e-01
8.44133e-01
8.05624e-01
9.43605e-01
8.90611e-01
9.11392e-01
9.13043e-01
9.08432e-01
8.43373e-01
8.70588e-01
9.22870e-01
9.47477e-01
7.85384e-01
8.62454e-01
8.55576e-01
8.59203e-01
9.32171e-01
8.98274e-01
8.86775e-01
8.60236e-01
9.10781e-01
8.34878e-01
6.72276e-01
9.11443e-01
8.82947e-01
8.89460e-01
8.40812e-01
8.14332e-01
8.87352e-01
8.79359e-01
8.61712e-01
9.75490e-01
7.84574e-01
8.90696e-01
9.36131e-01
9.31034e-01
7.92733e-01
7.45347e-01
8.65866e-01
7.86087e-01
7.70398e-01
9.75223e-01
8.11270e-01
8.71087e-01
8.45857e-01
8.41452e-01
8.74094e-01
8.88691e-01
8.82849e-01
8.02586e-01
9.16004e-01
9.47514e-01
8.65179e-01
7.61578e-01
8.37438e-01
8.65419e-01
9.03977e-01
8.82199e-01
8.85047e-01
8.15836e-01
8.97881e-01
9.14830e-01
8.71403e-01
8.47518e-01
8.54510e-01
7.80594e-01
9.33925e-01
9.45231e-01
7.53794e-01
8.63803e-01
8.70682e-01
9.71817e-01
8.71508e-01
8.72319e-01
8.56744e-01
8.08989e-01
6.67729e-01
9.37900e-01
9.22311e-01
9.25414e-01
8.43898e-01
9.74510e-01
9.46894e-01
8.75483e-01
9.10269e-01
9.35516e-01
9.15315e-01
8.96209e-01
9.26893e-01
8.23305e-01
7.17647e-01
8.97569e-01
9.38144e-01
8.64312e-01
9.02957e-01
9.84496e-01
8.65801e-01
8.67769e-01
9.66531e-01
8.76207e-01
9.06280e-01
8.34297e-01
9.00493e-01
8.60000e-01
8.88067e-01
8.77211e-01
8.67303e-01
8.22279e-01
9.07262e-01
9.02277e-01
8.19687e-01
8.77828e-01
9.59064e-01
8.68924e-01
9.21846e-01
8.41576e-01
9.18683e-01
8.70939e-01
9.04007e-01
8.16344e-01
8.97153e-01
8.87006e-01
8.59599e-01
9.04500e-01
8.93058e-01
9.02218e-01
9.62963e-01
8.87144e-01
9.53378e-01
8.28981e-01
7.86765e-01
8.30415e-01
8.99461e-01
8.46154e-01
8.72277e-01
8.64890e-01
9.01478e-01
8.89289e-01
9.59016e-01
8.06366e-01
8.49387e-01
9.02249e-01
8.50719e-01
8.23640e-01
8.63504e-01
8.95907e-01
9.29648e-01
8.60944e-01
8.31818e-01
9.15301e-01
8.75607e-01
9.36052e-01
9.18870e-01
8.68722e-01
7.48518e-01
7.75597e-01
8.77645e-01
8.96425e-01
8.81292e-01
8.69728e-01
8.42060e-01
8.95153e-01
8.73898e-01
8.83239e-01
8.01609e-01
8.85548e-01
8.90179e-01
9.14951e-01
9.15493e-01
8.74882e-01
9.69574e-01
9.00000e-01
8.48763e-01
9.27619e-01
8.58268e-01
8.79849e-01
8.77306e-01
8.46847e-01
8.75365e-01
9.51036e-01
8.81188e-01
9.50244e-01
9.04234e-01
9.16594e-01
8.44300e-01
8.30716e-01
8.28935e-01
9.70561e-01
8.44168e-01
9.30147e-01
8.84721e-01
9.59746e-01
8.49953e-01
8.90110e-01
9.26030e-01
8.82071e-01
8.78488e-01
8.88683e-01
8.78049e-01
6.61927e-01
8.67257e-01
9.27398e-01
9.09341e-01
8.91707e-01
6.54603e-01
9.09610e-01
7.29708e-01
8.02158e-01
9.49331e-01
8.59390e-01
8.54034e-01
9.53661e-01
8.46076e-01
7.29201e-01
8.39738e-01
8.97706e-01
9.05992e-01
9.11092e-01
8.95522e-01
9.19682e-01
9.64286e-01
8.76056e-01
8.13414e-01
8.22120e-01
8.49341e-01
8.12550e-01
9.50677e-01
7.79528e-01
9.74002e-01
9.24457e-01
9.78053e-01
8.97510e-01
9.00196e-01
7.09528e-01
8.39338e-01
8.21791e-01
8.82243e-01
7.89037e-01
8.57416e-01
8.77437e-01
8.91667e-01
8.77367e-01
7.82972e-01
8.06647e-01
9.49710e-01
9.50195e-01
9.86430e-01
8.89320e-01
8.97959e-01
7.50000e-01
8.42635e-01
8.28085e-01
9.07906e-01
9.11227e-01
9.29064e-01
8.93676e-01
9.08154e-01
9.23721e-01
9.28200e-01
6.64110e-01
9.50544e-01
8.41818e-01
9.14948e-01
8.65317e-01
8.73213e-01
9.19930e-01
8.36279e-01
8.71769e-01
8.66490e-01
7.55833e-01
8.71872e-01
9.18892e-01
9.50789e-01
8.83514e-01
8.83530e-01
9.28433e-01
8.24929e-01
8.73905e-01
8.50233e-01
8.96217e-01
8.45018e-01
8.87706e-01
9.37158e-01
9.07759e-01
8.42742e-01
8.27485e-01
8.08696e-01
8.21081e-01
9.78967e-01
9.10660e-01
8.68237e-01
8.81159e-01
7.79692e-01
8.66548e-01
8.94788e-01
7.63385e-01
8.69905e-01
7.56250e-01
8.99734e-01
8.56637e-01
8.82243e-01
7.46881e-01
8.37209e-01
9.08845e-01
9.06310e-01
8.40553e-01
8.52810e-01
7.37425e-01
7.18695e-01
8.63063e-01
9.51024e-01
9.18156e-01
9.71735e-01
8.69202e-01
8.78618e-01
7.86982e-01
7.52159e-01
8.60701e-01
8.79412e-01
8.90830e-01
8.29333e-01
7.74483e-01
8.70265e-01
8.23529e-01
8.11621e-01
9.21480e-01
9.12249e-01
9.24074e-01
9.07291e-01
9.16743e-01
8.82192e-01
9.01077e-01
9.36170e-01
7.39344e-01
8.55546e-01
9.43114e-01
7.97524e-01
8.98321e-01
8.24610e-01
7.93404e-01
8.93082e-01
8.58874e-01
9.11193e-01
8.82298e-01
7.50455e-01
9.04933e-01
9.58062e-01
8.96819e-01
8.98390e-01
8.90511e-01
8.61193e-01
9.17688e-01
9.10079e-01
9.43432e-01
8.78505e-01
9.41591e-01
7.92636e-01
8.86704e-01
8.73965e-01
6.56642e-01
8.40463e-01
9.47418e-01
9.02972e-01
9.26692e-01
8.04943e-01
8.92824e-01
6.65145e-01
7.54854e-01
7.17264e-01
8.62500e-01
8.42756e-01
8.78093e-01
8.71543e-01
7.95053e-01
8.76083e-01
8.90696e-01
8.95033e-01
9.23005e-01
9.09655e-01
7.96639e-01
8.64840e-01
8.61933e-01
8.80795e-01
8.72247e-01
9.10531e-01
8.65753e-01
8.88188e-01
9.32203e-01
5.68889e-01
7.62180e-01
8.57143e-01
8.48460e-01
8.56725e-01
8.46586e-01
9.10407e-01
8.74766e-01
9.34272e-01
9.26095e-01
9.62644e-01
7.35622e-01
8.80454e-01
9.74952e-01
8.78731e-01
8.39530e-01
7.46633e-01
8.07034e-01
9.41121e-01
8.56529e-01
8.56881e-01
9.02574e-01
9.31699e-01
7.84995e-01
9.14310e-01
9.43343e-01
8.99809e-01
8.96744e-01
8.38599e-01
9.48223e-01
8.96851e-01
9.58463e-01
8.79359e-01
9.53297e-01
9.56211e-01
7.80402e-01
9.87069e-01
9.00398e-01
9.38588e-01
9.44692e-01
9.35762e-01
9.58022e-01
8.81266e-01
9.29155e-01
8.76238e-01
9.56842e-01
9.64844e-01
8.36315e-01
8.26700e-01
9.81038e-01
9.67904e-01
9.56642e-01
8.42478e-01
8.41146e-01
8.95551e-01
8.10976e-01
9.51220e-01
9.71347e-01
9.59372e-01
7.62190e-01
9.57814e-01
7.66756e-01
9.05565e-01
9.08471e-01
8.83786e-01
9.92103e-01
8.36428e-01
7.89753e-01
9.32011e-01
9.41355e-01
9.23882e-01
9.51819e-01
9.13333e-01
9.37808e-01
9.54545e-01
9.81354e-01
9.66565e-01
8.94597e-01
9.07099e-01
6.27170e-01
8.94504e-01
9.32030e-01
8.36583e-01
9.43800e-01
8.89662e-01
8.32762e-01
9.60185e-01
9.43262e-01
9.72336e-01
9.31756e-01
8.82192e-01
8.45815e-01
9.82474e-01
9.59877e-01
8.20408e-01
9.42453e-01
9.45000e-01
9.56190e-01
8.68195e-01
8.92650e-01
9.72079e-01
8.64891e-01
8.55899e-01
9.79104e-01
9.88945e-01
9.06568e-01
7.09105e-01
9.40909e-01
9.79304e-01
8.71296e-01
9.05433e-01
6.81708e-01
9.38370e-01
9.26784e-01
9.69119e-01
9.55148e-01
7.19964e-01
9.17166e-01
9.48795e-01
9.69378e-01
7.71277e-01
9.22090e-01
8.71107e-01
8.61395e-01
9.46356e-01
9.48718e-01
9.30185e-01
9.68432e-01
9.28435e-01
8.67435e-01
8.82100e-01
9.24644e-01
8.61554e-01
9.30998e-01
9.62760e-01
8.01638e-01
9.47993e-01
7.13928e-01
8.95349e-01
7.49352e-01
7.70505e-01
8.88307e-01
9.59162e-01
9.77035e-01
9.25521e-01
9.49051e-01
8.64662e-01
9.26633e-01
9.43605e-01
9.03365e-01
9.54717e-01
8.09751e-01
9.63801e-01
8.02791e-01
9.41478e-01
9.16031e-01
8.10488e-01
9.44972e-01
8.76498e-01
7.00408e-01
8.88788e-01
9.57306e-01
7.54996e-01
9.50617e-01
9.29666e-01
9.27398e-01
9.65839e-01
8.86318e-01
9.50920e-01
9.00870e-01
9.58460e-01
9.32979e-01
9.29778e-01
6.44891e-01
9.17038e-01
9.20188e-01
8.91767e-01
9.28643e-01
8.55240e-01
9.68269e-01
9.15907e-01
9.13364e-01
8.45576e-01
9.60258e-01
9.23151e-01
9.63475e-01
9.42235e-01
9.25197e-01
9.69245e-01
9.44444e-01
8.17254e-01
8.81262e-01
8.55136e-01
9.48640e-01
9.39364e-01
9.55162e-01
9.81853e-01
8.43098e-01
9.23208e-01
8.73383e-01
8.90130e-01
8.98116e-01
9.62382e-01
7.82430e-01
9.45178e-01
9.75402e-01
7.83113e-01
9.63178e-01
9.71400e-01
7.23937e-01
7.59967e-01
9.65265e-01
7.13340e-01
9.40054e-01
9.49405e-01
9.00362e-01
5.26025e-01
9.76720e-01
8.87489e-01
7.46141e-01
9.54012e-01
9.48332e-01
8.55086e-01
8.92430e-01
7.77679e-01
8.70320e-01
8.91941e-01
9.30011e-01
9.26950e-01
9.51796e-01
9.77092e-01
9.28361e-01
9.44501e-01
9.48594e-01
9.30720e-01
7.31255e-01
9.08257e-01
9.50980e-01
8.16926e-01
9.15846e-01
8.67544e-01
9.15191e-01
8.86899e-01
8.02855e-01
8.74435e-01
9.51043e-01
9.17972e-01
6.92373e-01
9.20650e-01
9.40126e-01
7.52761e-01
8.78414e-01
9.34470e-01
9.20792e-01
9.11917e-01
8.59480e-01
9.63761e-01
9.65306e-01
9.09751e-01
9.77429e-01
9.77384e-01
8.77079e-01
9.51128e-01
8.98951e-01
9.52381e-01
8.78683e-01
9.36128e-01
9.44672e-01
6.94581e-01
8.11011e-01
8.28054e-01
9.63948e-01
8.95590e-01
8.79061e-01
9.22379e-01
6.02920e-01
9.48537e-01
9.51389e-01
9.74576e-01
9.19722e-01
9.59082e-01
9.27815e-01
9.60606e-01
9.23540e-01
9.72112e-01
9.57115e-01
9.35922e-01
8.89565e-01
8.39080e-01
7.69231e-01
9.29552e-01
9.48015e-01
6.27570e-01
9.74054e-01
9.24228e-01
9.37435e-01
7.65118e-01
9.12785e-01
8.95815e-01
9.13351e-01
9.53488e-01
8.92604e-01
8.58407e-01
6.68118e-01
9.42043e-01
8.63343e-01
8.55527e-01
9.69246e-01
8.99638e-01
8.93728e-01
9.37500e-01
9.50096e-01
7.73234e-01
8.32381e-01
9.67876e-01
5.92085e-01
9.71230e-01
9.11495e-01
9.29878e-01
9.39591e-01
9.39509e-01
9.65854e-01
6.83590e-01
7.32484e-01
5.88506e-01
9.47739e-01
9.00675e-01
9.67131e-01
9.35897e-01
9.45152e-01
9.31322e-01
9.45571e-01
9.58864e-01
9.44391e-01
7.68581e-01
9.42241e-01
9.53299e-01
9.38134e-01
7.87422e-01
8.50267e-01
9.72628e-01
8.10834e-01
8.91617e-01
9.25788e-01
7.04846e-01
9.60766e-01
9.42363e-01
9.21026e-01
9.07946e-01
9.69231e-01
6.30273e-01
9.01395e-01
9.45402e-01
8.39237e-01
9.64637e-01
9.54500e-01
8.80976e-01
8.98734e-01
9.56054e-01
9.65966e-01
9.60285e-01
9.43105e-01
9.56439e-01
9.67368e-01
8.70067e-01
9.11283e-01
9.38947e-01
9.61219e-01
9.39050e-01
9.11765e-01
9.54717e-01
9.14315e-01
8.67216e-01
8.03114e-01
6.93760e-01
6.76612e-01
7.20554e-01
9.58115e-01
8.38593e-01
9.61905e-01
9.59718e-01
8.51820e-01
8.72128e-01
9.57043e-01
9.05405e-01
5.57037e-01
9.43898e-01
8.76349e-01
9.41774e-01
9.60659e-01
9.60035e-01
9.41700e-01
8.81255e-01
8.26235e-01
9.77457e-01
7.24396e-01
8.98941e-01
7.63468e-01
9.39836e-01
8.18702e-01
9.43689e-01
9.61998e-01
9.55473e-01
8.21678e-01
9.60728e-01
8.86384e-01
8.95327e-01
9.48594e-01
8.69212e-01
9.59960e-01
8.89593e-01
9.70830e-01
9.70343e-01
9.46296e-01
7.78351e-01
9.50106e-01
6.26638e-01
9.06404e-01
9.65291e-01
8.36976e-01
8.94634e-01
9.65653e-01
9.32358e-01
8.99492e-01
9.54128e-01
8.71028e-01
9.23872e-01
9.48502e-01
8.53503e-01
8.91379e-01
9.57384e-01
9.47465e-01
9.61743e-01
7.88835e-01
8.68613e-01
9.21389e-01
9.47013e-01
8.99231e-01
9.43171e-01
9.12512e-01
6.70157e-01
9.68400e-01
8.26087e-01
7.13268e-01
9.50230e-01
9.53000e-01
9.68597e-01
9.11153e-01
9.43649e-01
9.61240e-01
8.50046e-01
8.34520e-01
8.36547e-01
7.78383e-01
8.77514e-01
9.12264e-01
8.37073e-01
9.35419e-01
9.36567e-01
9.42246e-01
9.41278e-01
9.72302e-01
9.27289e-01
8.66928e-01
9.81273e-01
8.96429e-01
5.35041e-01
8.18412e-01
9.69582e-01
8.99232e-01
9.34967e-01
8.23017e-01
9.61284e-01
8.72093e-01
9.49654e-01
9.55437e-01
9.24171e-01
9.86288e-01
9.14784e-01
9.35130e-01
9.56957e-01
8.80037e-01
6.83483e-01
7.40506e-01
8.17264e-01
9.76701e-01
6.46912e-01
9.10680e-01
8.81013e-01
9.66068e-01
7.35798e-01
8.77306e-01
9.45591e-01
9.30723e-01
8.33040e-01
9.47619e-01
7.72325e-01
9.12214e-01
9.37126e-01
9.36105e-01
9.16373e-01
9.52090e-01
8.26006e-01
9.64066e-01
6.54741e-01
8.84939e-01
6.47677e-01
9.78062e-01
6.98957e-01
9.19476e-01
9.59436e-01
8.86089e-01
9.47173e-01
9.56522e-01
9.41917e-01
9.48936e-01
9.56697e-01
8.46753e-01
9.20523e-01
9.47581e-01
8.52050e-01
9.40452e-01
8.84538e-01
8.53203e-01
9.58614e-01
9.52802e-01
8.90223e-01
8.47505e-01
8.59821e-01
9.35194e-01
9.07942e-01
8.42447e-01
7.49155e-01
8.44954e-01
7.54200e-01
9.51538e-01
9.66154e-01
9.16251e-01
8.55086e-01
8.66412e-01
8.41176e-01
9.59386e-01
8.49339e-01
9.25344e-01
8.16840e-01
9.43853e-01
8.39173e-01
8.85289e-01
9.58569e-01
9.01345e-01
8.96583e-01
9.09980e-01
8.96552e-01
7.40995e-01
7.00521e-01
9.13321e-01
8.32353e-01
8.57267e-01
7.32472e-01
8.82299e-01
8.39154e-01
8.65517e-01
9.78431e-01
9.19212e-01
8.75983e-01
8.25561e-01
8.99167e-01
8.46684e-01
8.85957e-01
9.18768e-01
9.27126e-01
9.10145e-01
8.48754e-01
8.69857e-01
7.85596e-01
8.81356e-01
9.02629e-01
8.21773e-01
8.59665e-01
8.20856e-01
8.64115e-01
6.07253e-01
8.83051e-01
8.55948e-01
8.91532e-01
9.49345e-01
8.71795e-01
9.59518e-01
9.16058e-01
8.85932e-01
6.64800e-01
7.88194e-01
8.08433e-01
8.93497e-01
9.68191e-01
9.14598e-01
8.27846e-01
8.69264e-01
9.39394e-01
8.13016e-01
9.29666e-01
8.54054e-01
9.08566e-01
8.62312e-01
8.56383e-01
8.32407e-01
9.81112e-01
8.24687e-01
8.73656e-01
8.77698e-01
9.49640e-01
9.14634e-01
8.72973e-01
8.01681e-01
7.72876e-01
9.64646e-01
8.86260e-01
8.96418e-01
9.33397e-01
9.15761e-01
8.22507e-01
8.82777e-01
9.23561e-01
9.48454e-01
7.95640e-01
8.63933e-01
8.55072e-01
9.01033e-01
9.43525e-01
9.11416e-01
8.76130e-01
8.52941e-01
8.79452e-01
7.90468e-01
6.89029e-01
8.86297e-01
9.27835e-01
8.84781e-01
8.42916e-01
7.86819e-01
8.96723e-01
8.69484e-01
8.71698e-01
9.80296e-01
7.91741e-01
8.53982e-01
9.23775e-01
9.30118e-01
7.57085e-01
7.44304e-01
8.79397e-01
7.86147e-01
8.32215e-01
9.69337e-01
8.28292e-01
8.44404e-01
8.04287e-01
8.78025e-01
8.19629e-01
8.91940e-01
8.91407e-01
8.23632e-01
9.26391e-01
9.46740e-01
8.41873e-01
7.80378e-01
8.16764e-01
8.50044e-01
9.37316e-01
8.71552e-01
8.85581e-01
8.39318e-01
8.81844e-01
9.11355e-01
8.87082e-01
8.66487e-01
8.28735e-01
7.61572e-01
9.41526e-01
9.51841e-01
7.40000e-01
8.76520e-01
8.67975e-01
9.64008e-01
8.92554e-01
8.31014e-01
8.53704e-01
7.86207e-01
6.42347e-01
9.40693e-01
8.91945e-01
9.36111e-01
8.90580e-01
9.59883e-01
9.48328e-01
9.03415e-01
9.00198e-01
9.45866e-01
9.13122e-01
8.80783e-01
9.19620e-01
8.30443e-01
7.07980e-01
9.14838e-01
9.64472e-01
8.06798e-01
9.01654e-01
9.83543e-01
8.81119e-01
8.35604e-01
9.62360e-01
8.88401e-01
9.03164e-01
8.59100e-01
8.62136e-01
8.30935e-01
8.98524e-01
9.12262e-01
8.63517e-01
7.52294e-01
9.05382e-01
8.95382e-01
8.52720e-01
8.62780e-01
9.68054e-01
8.67761e-01
9.06867e-01
8.56902e-01
9.19574e-01
8.57143e-01
9.04097e-01
7.85062e-01
9.05418e-01
8.91791e-01
8.50760e-01
9.10009e-01
9.17692e-01
8.98083e-01
9.42995e-01
9.07115e-01
9.59420e-01
7.82010e-01
8.16836e-01
8.34906e-01
9.13436e-01
8.63796e-01
8.66601e-01
8.32281e-01
8.75734e-01
9.05998e-01
9.58067e-01
8.54352e-01
8.49472e-01
9.17891e-01
8.57527e-01
8.17927e-01
8.73062e-01
8.76207e-01
9.07538e-01
8.46416e-01
8.28413e-01
9.13558e-01
8.74759e-01
9.31418e-01
9.17273e-01
8.88691e-01
7.71281e-01
7.94521e-01
8.14651e-01
8.98367e-01
8.68791e-01
8.36828e-01
7.91355e-01
9.01590e-01
8.62694e-01
8.83068e-01
8.01444e-01
8.89855e-01
8.92349e-01
9.11528e-01
9.04584e-01
8.46082e-01
9.73604e-01
9.41558e-01
8.65932e-01
9.39828e-01
8.61607e-01
8.44651e-01
8.58716e-01
8.00000e-01
8.92079e-01
9.53488e-01
8.62880e-01
9.56778e-01
8.94523e-01
9.26251e-01
8.72897e-01
8.19288e-01
8.76394e-01
9.72401e-01
8.58108e-01
9.41014e-01
8.49558e-01
9.55556e-01
8.50618e-01
8.65402e-01
9.37677e-01
9.32596e-01
9.10000e-01
8.95425e-01
8.68515e-01
7.30738e-01
9.11000e-01
9.32927e-01
9.18349e-01
8.96217e-01
6.27301e-01
9.05804e-01
7.87479e-01
8.57143e-01
9.40510e-01
8.91000e-01
8.30508e-01
9.51376e-01
8.30816e-01
6.76113e-01
8.36906e-01
9.03101e-01
9.19470e-01
9.09171e-01
9.04453e-01
9.11504e-01
9.33594e-01
8.45872e-01
8.52373e-01
8.50511e-01
8.46797e-01
8.03200e-01
9.48177e-01
7.93814e-01
9.75836e-01
9.19355e-01
9.70616e-01
9.02111e-01
8.92996e-01
8.29268e-01
8.33010e-01
8.53242e-01
9.03683e-01
7.82358e-01
8.82122e-01
8.70285e-01
8.89194e-01
8.80180e-01
8.05206e-01
8.00801e-01
9.65619e-01
9.40891e-01
9.80290e-01
8.95146e-01
9.08113e-01
7.10616e-01
8.66178e-01
8.29227e-01
8.93782e-01
9.07826e-01
9.36946e-01
8.73521e-01
8.82245e-01
9.24651e-01
8.81391e-01
7.18876e-01
9.43304e-01
8.65998e-01
9.15021e-01
8.89686e-01
9.21053e-01
9.17391e-01
8.88783e-01
8.74382e-01
8.75445e-01
7.28926e-01
8.94523e-01
9.16091e-01
9.54291e-01
8.95833e-01
8.84191e-01
8.94886e-01
8.30280e-01
8.93939e-01
8.57409e-01
9.31238e-01
8.75351e-01
8.81897e-01
9.15239e-01
8.86054e-01
8.55984e-01
8.42412e-01
8.16291e-01
8.04791e-01
9.66919e-01
9.07445e-01
8.54909e-01
8.65586e-01
8.12558e-01
8.74555e-01
9.00669e-01
7.47423e-01
8.56892e-01
7.38626e-01
9.02741e-01
8.72874e-01
8.87850e-01
7.41395e-01
8.28518e-01
9.16440e-01
8.94737e-01
8.28182e-01
8.61759e-01
7.55594e-01
7.56976e-01
8.60714e-01
9.60854e-01
9.33900e-01
9.78578e-01
8.88469e-01
8.55300e-01
7.73179e-01
8.17690e-01
8.39744e-01
8.66149e-01
9.03678e-01
7.83784e-01
7.49777e-01
8.59848e-01
8.14249e-01
8.06916e-01
9.23354e-01
9.12684e-01
8.92393e-01
8.72760e-01
9.45320e-01
8.76476e-01
9.05697e-01
9.27507e-01
7.40164e-01
8.79053e-01
9.38370e-01
7.68963e-01
9.17215e-01
8.32571e-01
8.09942e-01
9.02504e-01
8.31752e-01
9.06849e-01
8.90892e-01
7.70985e-01
9.19311e-01
9.57627e-01
8.90306e-01
9.03290e-01
8.91868e-01
8.60488e-01
9.09250e-01
9.10751e-01
9.55896e-01
8.73134e-01
9.47844e-01
7.90743e-01
8.93557e-01
8.75229e-01
6.82764e-01
8.62286e-01
9.48162e-01
8.89560e-01
9.32011e-01
8.53333e-01
8.81810e-01
7.38437e-01
7.86590e-01
7.77394e-01
8.56053e-01
8.57396e-01
8.90741e-01
8.60053e-01
7.63432e-01
8.89565e-01
8.71199e-01
9.20422e-01
9.35910e-01
9.21499e-01
8.03571e-01
8.57939e-01
8.36190e-01
8.78327e-01
8.98352e-01
8.74773e-01
8.19643e-01
8.92696e-01
9.37624e-01
6.48426e-01
8.07107e-01
8.49774e-01
8.41576e-01
8.64440e-01
8.53134e-01
8.98836e-01
8.64186e-01
8.99354e-01
9.15989e-01
9.64593e-01
8.65854e-01
8.58864e-01
9.61278e-01
9.14692e-01
8.60236e-01
7.51678e-01
7.70245e-01
9.17669e-01
8.54811e-01
8.67036e-01
9.05292e-01
9.13988e-01
