8.28464e-01
9.19227e-01
9.45283e-01
8.99517e-01
8.80515e-01
9.51977e-01
9.14201e-01
8.92819e-01
9.60865e-01
9.20829e-01
9.92366e-01
9.35284e-01
7.93133e-01
9.65227e-01
9.12913e-01
9.40312e-01
8.62813e-01
9.73761e-01
9.65170e-01
8.75000e-01
9.26497e-01
9.68976e-01
9.69083e-01
9.61052e-01
8.85766e-01
7.99653e-01
9.69638e-01
9.65035e-01
9.56441e-01
9.06827e-01
8.37979e-01
9.40079e-01
8.11287e-01
9.13498e-01
9.71237e-01
9.66055e-01
8.39091e-01
9.50096e-01
8.58053e-01
9.29530e-01
9.14833e-01
8.55179e-01
9.86234e-01
8.85918e-01
7.60661e-01
8.93151e-01
9.38384e-01
9.18483e-01
9.41290e-01
8.77145e-01
9.53373e-01
9.66030e-01
9.87255e-01
9.62000e-01
9.06810e-01
9.24377e-01
5.96786e-01
9.19715e-01
9.25688e-01
8.78443e-01
9.50530e-01
9.08543e-01
8.66782e-01
9.56722e-01
9.35484e-01
9.59514e-01
9.11051e-01
8.76937e-01
8.58736e-01
9.87642e-01
9.55010e-01
8.61386e-01
9.55535e-01
9.58333e-01
9.44023e-01
8.63078e-01
9.14646e-01
9.72393e-01
8.28520e-01
8.54932e-01
9.63654e-01
9.84064e-01
9.45789e-01
7.22947e-01
9.35041e-01
9.75926e-01
7.94376e-01
9.17172e-01
7.03470e-01
9.61886e-01
9.31382e-01
9.77106e-01
9.70041e-01
7.33743e-01
9.50446e-01
9.56653e-01
9.67742e-01
8.31390e-01
9.18616e-01
8.86424e-01
7.97251e-01
9.43548e-01
9.41454e-01
9.51042e-01
9.71487e-01
9.28639e-01
8.78469e-01
8.79487e-01
9.48171e-01
8.92137e-01
9.07025e-01
9.91285e-01
8.54286e-01
9.43243e-01
6.52961e-01
9.45152e-01
8.40758e-01
7.97521e-01
7.67146e-01
9.70308e-01
9.41057e-01
9.07093e-01
9.32087e-01
8.77341e-01
9.56434e-01
9.29911e-01
8.97854e-01
9.57507e-01
8.64603e-01
9.82798e-01
8.27103e-01
9.21212e-01
9.32236e-01
7.92007e-01
9.15560e-01
9.15033e-01
7.07277e-01
8.63051e-01
9.46579e-01
7.74759e-01
9.68008e-01
9.58487e-01
9.44444e-01
9.58078e-01
9.49588e-01
9.60825e-01
9.16303e-01
9.71516e-01
9.82924e-01
9.25067e-01
6.61331e-01
9.14083e-01
9.49427e-01
9.05468e-01
9.22542e-01
9.61433e-01
9.76122e-01
9.43763e-01
9.14522e-01
8.99743e-01
9.50159e-01
9.17293e-01
9.66601e-01
9.85605e-01
9.16174e-01
9.68489e-01
9.40896e-01
7.88235e-01
9.02894e-01
9.33576e-01
9.64072e-01
9.40488e-01
9.50820e-01
9.80019e-01
8.33006e-01
9.34987e-01
8.87774e-01
9.48113e-01
9.18089e-01
9.57645e-01
7.29555e-01
9.54918e-01
9.70205e-01
8.55219e-01
9.77605e-01
9.86014e-01
8.25328e-01
7.91416e-01
9.73123e-01
8.57143e-01
9.30657e-01
9.74671e-01
9.53598e-01
6.45747e-01
9.76695e-01
9.44241e-01
8.26728e-01
9.68032e-01
9.50216e-01
9.40531e-01
8.79602e-01
7.68963e-01
9.03918e-01
9.39336e-01
9.34668e-01
9.17728e-01
9.57061e-01
9.71144e-01
9.46588e-01
9.66867e-01
9.58534e-01
9.53297e-01
7.02526e-01
9.32790e-01
9.36232e-01
8.20333e-01
8.14261e-01
9.28571e-01
9.40114e-01
8.42391e-01
8.17282e-01
8.74126e-01
9.53111e-01
9.27122e-01
7.52889e-01
9.09519e-01
9.45021e-01
7.69099e-01
8.89283e-01
9.58222e-01
9.02569e-01
9.33264e-01
8.98058e-01
9.60271e-01
9.73388e-01
9.16752e-01
9.81445e-01
9.78537e-01
8.74423e-01
9.52562e-01
8.80228e-01
9.66229e-01
9.04969e-01
9.23001e-01
9.05717e-01
7.87108e-01
9.11715e-01
8.96359e-01
9.29601e-01
8.84718e-01
8.47089e-01
9.32255e-01
6.36761e-01
9.67480e-01
9.49754e-01
9.81007e-01
9.27363e-01
9.51866e-01
9.17769e-01
9.87500e-01
8.71987e-01
9.68627e-01
9.37559e-01
9.41292e-01
9.19824e-01
8.44920e-01
7.37052e-01
9.35368e-01
9.52336e-01
6.90806e-01
9.75269e-01
9.34211e-01
9.31794e-01
7.65125e-01
9.11937e-01
9.13591e-01
9.64220e-01
8.93562e-01
8.79518e-01
8.60921e-01
6.43225e-01
9.41929e-01
8.74427e-01
8.67311e-01
9.65381e-01
8.88789e-01
9.02693e-01
8.99051e-01
9.63706e-01
8.08511e-01
8.58527e-01
9.28858e-01
5.90808e-01
9.78000e-01
9.09366e-01
9.53174e-01
9.50046e-01
9.51311e-01
9.72549e-01
6.75606e-01
6.69039e-01
7.56962e-01
9.56306e-01
8.91555e-01
9.68473e-01
9.45328e-01
9.20422e-01
8.81633e-01
9.53714e-01
9.55796e-01
9.60615e-01
7.50623e-01
9.30213e-01
9.62012e-01
9.31102e-01
7.84983e-01
8.92040e-01
9.83562e-01
7.75214e-01
9.16379e-01
9.65127e-01
6.97835e-01
9.37833e-01
9.75657e-01
9.26577e-01
9.30596e-01
9.57581e-01
6.91176e-01
8.95717e-01
9.77927e-01
8.79735e-01
9.68658e-01
9.45205e-01
9.03733e-01
8.96750e-01
9.59423e-01
9.68159e-01
9.55645e-01
9.63938e-01
9.23579e-01
9.63427e-01
9.19450e-01
9.11479e-01
8.54726e-01
9.58525e-01
9.46447e-01
9.43744e-01
9.67711e-01
9.24820e-01
8.95928e-01
8.68203e-01
7.08778e-01
6.73295e-01
5.82078e-01
9.53512e-01
8.33333e-01
9.67126e-01
9.79778e-01
8.62647e-01
9.07258e-01
9.58959e-01
9.31335e-01
7.46678e-01
9.61614e-01
8.71745e-01
9.66820e-01
9.37500e-01
9.74584e-01
9.68254e-01
9.12933e-01
7.95262e-01
9.81081e-01
7.38272e-01
9.09003e-01
8.01003e-01
9.49121e-01
9.19687e-01
9.39539e-01
9.52484e-01
9.40576e-01
8.28696e-01
9.56979e-01
9.49183e-01
9.11357e-01
9.43378e-01
8.89924e-01
9.64824e-01
8.87311e-01
9.68182e-01
9.73247e-01
9.19118e-01
7.72236e-01
9.56751e-01
6.12903e-01
9.00000e-01
9.61039e-01
8.21331e-01
9.26181e-01
9.53533e-01
9.44700e-01
8.38926e-01
9.45799e-01
8.94587e-01
9.41849e-01
9.63103e-01
9.04494e-01
9.31212e-01
9.63037e-01
9.31034e-01
9.54309e-01
7.95951e-01
8.60465e-01
9.53125e-01
9.49282e-01
9.22529e-01
9.56881e-01
9.23729e-01
7.17469e-01
9.84772e-01
9.14722e-01
7.29778e-01
9.37216e-01
9.64143e-01
9.65217e-01
9.31067e-01
9.45681e-01
9.25303e-01
9.24086e-01
8.34696e-01
8.45314e-01
7.18357e-01
9.04059e-01
9.09761e-01
8.38959e-01
9.31238e-01
9.24370e-01
9.63558e-01
9.32264e-01
9.77208e-01
9.46558e-01
9.17255e-01
9.84008e-01
9.21169e-01
5.73025e-01
8.20300e-01
9.65844e-01
9.41176e-01
9.52061e-01
9.02663e-01
9.58993e-01
9.15000e-01
9.52286e-01
9.60396e-01
9.63810e-01
9.86328e-01
9.54348e-01
9.28643e-01
9.83887e-01
7.59505e-01
7.32955e-01
7.76442e-01
8.85661e-01
9.67412e-01
8.13218e-01
8.87630e-01
8.83291e-01
9.39723e-01
6.84437e-01
8.84740e-01
9.56238e-01
9.40644e-01
8.88263e-01
9.05556e-01
7.34437e-01
8.61033e-01
9.48795e-01
9.51466e-01
8.63946e-01
9.51992e-01
8.85687e-01
9.19403e-01
7.36073e-01
9.40202e-01
7.97380e-01
9.80804e-01
7.13433e-01
9.30254e-01
9.62898e-01
9.27625e-01
9.49814e-01
9.62608e-01
9.34300e-01
9.73348e-01
9.60961e-01
8.67365e-01
9.19162e-01
9.37438e-01
8.28397e-01
8.94118e-01
8.50877e-01
8.51653e-01
9.31839e-01
9.71803e-01
8.94646e-01
8.57542e-01
8.19615e-01
9.31683e-01
9.14007e-01
8.39416e-01
7.54812e-01
8.84220e-01
7.16300e-01
9.58840e-01
9.60446e-01
9.28287e-01
8.45058e-01
8.94231e-01
8.25661e-01
9.31942e-01
8.63111e-01
9.47686e-01
8.83363e-01
9.43378e-01
8.81603e-01
8.96521e-01
9.49627e-01
9.11496e-01
8.94831e-01
9.11851e-01
8.87055e-01
8.06452e-01
7.96099e-01
8.73995e-01
8.67589e-01
8.38961e-01
7.80056e-01
9.17197e-01
8.41720e-01
8.35025e-01
9.74659e-01
8.71819e-01
9.25694e-01
8.63837e-01
8.92193e-01
8.45754e-01
8.95382e-01
9.22642e-01
9.06771e-01
9.12791e-01
8.67329e-01
8.38576e-01
7.78423e-01
8.95238e-01
9.02724e-01
8.61193e-01
8.54109e-01
8.44625e-01
8.61377e-01
6.27027e-01
9.32981e-01
8.81356e-01
8.89727e-01
9.63620e-01
8.65686e-01
9.46735e-01
9.35897e-01
8.75119e-01
6.82500e-01
7.74917e-01
7.99639e-01
9.09524e-01
9.74155e-01
8.91473e-01
8.37121e-01
8.78390e-01
9.21456e-01
8.57011e-01
9.13901e-01
8.40321e-01
9.04899e-01
8.83117e-01
8.36379e-01
8.55940e-01
9.76091e-01
8.49424e-01
8.50877e-01
8.91107e-01
9.32927e-01
9.26898e-01
8.81926e-01
8.45550e-01
8.36820e-01
9.55956e-01
8.84964e-01
9.19529e-01
9.24528e-01
8.93845e-01
8.58867e-01
8.88787e-01
9.23971e-01
9.51795e-01
8.33811e-01
8.62602e-01
8.33032e-01
8.72557e-01
9.25819e-01
8.73440e-01
8.64164e-01
8.85375e-01
9.14972e-01
8.52349e-01
6.97526e-01
9.04947e-01
9.19679e-01
8.84319e-01
8.50427e-01
8.58603e-01
9.05660e-01
8.58736e-01
8.91098e-01
9.77473e-01
8.31512e-01
9.15146e-01
9.25590e-01
9.31885e-01
7.94577e-01
7.71064e-01
8.78514e-01
8.07895e-01
8.53256e-01
9.57884e-01
8.24373e-01
8.44545e-01
8.01276e-01
8.79426e-01
8.67621e-01
8.80889e-01
9.00000e-01
8.16132e-01
8.81976e-01
9.46119e-01
8.48806e-01
8.05137e-01
8.46380e-01
8.82784e-01
9.28919e-01
8.89565e-01
9.12721e-01
8.87971e-01
9.16585e-01
9.23687e-01
8.96926e-01
8.59054e-01
8.62536e-01
7.59860e-01
9.43620e-01
9.41450e-01
7.57322e-01
8.60401e-01
8.74225e-01
9.65986e-01
8.88263e-01
8.70445e-01
8.65922e-01
8.08326e-01
7.97688e-01
9.35603e-01
9.23771e-01
9.02816e-01
8.64198e-01
9.70674e-01
9.28924e-01
9.25170e-01
8.93555e-01
9.20156e-01
9.20721e-01
8.96243e-01
9.05579e-01
8.62069e-01
7.74561e-01
9.13537e-01
9.60375e-01
9.06395e-01
8.91720e-01
9.87391e-01
8.97797e-01
9.11049e-01
9.48118e-01
9.02913e-01
9.14505e-01
8.53540e-01
8.28050e-01
8.37790e-01
9.20561e-01
9.08238e-01
8.84683e-01
7.50000e-01
9.13462e-01
9.12381e-01
8.95652e-01
8.84335e-01
9.67992e-01
8.85988e-01
9.01027e-01
8.70886e-01
9.41176e-01
9.16221e-01
9.30647e-01
7.93017e-01
8.86758e-01
9.02830e-01
8.80424e-01
9.15129e-01
9.11848e-01
8.62687e-01
9.40952e-01
8.96928e-01
9.66797e-01
7.64280e-01
8.18934e-01
8.85167e-01
9.29091e-01
8.45884e-01
7.93680e-01
8.97653e-01
9.01408e-01
9.12613e-01
9.41912e-01
8.29806e-01
9.01890e-01
8.99736e-01
8.21906e-01
9.05714e-01
8.88569e-01
8.77836e-01
9.13043e-01
8.50467e-01
8.48624e-01
9.17733e-01
9.11591e-01
9.57865e-01
9.18870e-01
8.56637e-01
7.79880e-01
8.39254e-01
8.40215e-01
9.08163e-01
8.82075e-01
8.66419e-01
8.25532e-01
9.07023e-01
8.57998e-01
8.42727e-01
8.15315e-01
8.91221e-01
9.05103e-01
9.03915e-01
9.29112e-01
8.85823e-01
9.69388e-01
9.42218e-01
8.69004e-01
8.94884e-01
8.62576e-01
8.38504e-01
8.79741e-01
8.02964e-01
8.90732e-01
9.46097e-01
9.11089e-01
9.67456e-01
9.06439e-01
9.11713e-01
8.74649e-01
8.93773e-01
8.79374e-01
9.73223e-01
8.96347e-01
9.59559e-01
7.64954e-01
9.73684e-01
8.80424e-01
9.13165e-01
9.26099e-01
9.10244e-01
8.84685e-01
9.05331e-01
8.65248e-01
7.27935e-01
8.95303e-01
9.12821e-01
8.42932e-01
8.93617e-01
6.26263e-01
9.28502e-01
7.44630e-01
8.43373e-01
9.52786e-01
9.26904e-01
8.30810e-01
9.48004e-01
7.83237e-01
7.48148e-01
8.44402e-01
9.37984e-01
9.25434e-01
8.74126e-01
9.05607e-01
9.20000e-01
9.38553e-01
8.68883e-01
8.18493e-01
8.66480e-01
8.11060e-01
8.50329e-01
9.67647e-01
8.34550e-01
9.76636e-01
9.20379e-01
9.67803e-01
9.06910e-01
9.11155e-01
7.66017e-01
8.90110e-01
8.57881e-01
9.11932e-01
8.04817e-01
8.59551e-01
8.33929e-01
9.10174e-01
8.99908e-01
7.63666e-01
8.34677e-01
9.33204e-01
9.67197e-01
9.66223e-01
9.04995e-01
9.13386e-01
7.47863e-01
8.68883e-01
8.32192e-01
9.03365e-01
9.25764e-01
9.29633e-01
8.57012e-01
8.65932e-01
9.22581e-01
9.47699e-01
6.73018e-01
9.55882e-01
8.50814e-01
9.05209e-01
8.81521e-01
9.03195e-01
9.22280e-01
8.64815e-01
7.85577e-01
8.91403e-01
7.68465e-01
8.89669e-01
8.84393e-01
9.68721e-01
9.08458e-01
9.11602e-01
9.37620e-01
8.34608e-01
8.91556e-01
8.51613e-01
8.88465e-01
8.72897e-01
8.86940e-01
9.32310e-01
8.87650e-01
8.53831e-01
8.41535e-01
8.36861e-01
8.82033e-01
9.61718e-01
9.15152e-01
8.68512e-01
8.63810e-01
7.99078e-01
8.66667e-01
9.08917e-01
8.17782e-01
8.53275e-01
7.60072e-01
9.25200e-01
8.84892e-01
8.75817e-01
7.76492e-01
8.60335e-01
9.21889e-01
9.05519e-01
8.45588e-01
8.37577e-01
7.90080e-01
8.05683e-01
8.54853e-01
9.61400e-01
9.43020e-01
9.76722e-01
8.67647e-01
8.74532e-01
8.37998e-01
7.88411e-01
8.31776e-01
8.73213e-01
9.13732e-01
8.43889e-01
7.16948e-01
8.75000e-01
8.41338e-01
8.51105e-01
9.20506e-01
9.10846e-01
9.28977e-01
8.51008e-01
9.37385e-01
8.81495e-01
9.01174e-01
9.24827e-01
7.34612e-01
8.20426e-01
9.47368e-01
7.97524e-01
9.04405e-01
8.32117e-01
8.32347e-01
8.71681e-01
8.61711e-01
9.34562e-01
8.84615e-01
7.67123e-01
9.04505e-01
9.76236e-01
8.26480e-01
9.22233e-01
9.17987e-01
8.71190e-01
9.05791e-01
9.10911e-01
9.46514e-01
8.70250e-01
9.61934e-01
8.72637e-01
9.15730e-01
8.98510e-01
6.40816e-01
8.55864e-01
9.39680e-01
8.74567e-01
9.28037e-01
7.89562e-01
8.83165e-01
7.26772e-01
7.61712e-01
7.06362e-01
8.45272e-01
8.77115e-01
8.98876e-01
8.52967e-01
8.15956e-01
9.01568e-01
8.92502e-01
9.18406e-01
9.38447e-01
9.20889e-01
8.31325e-01
8.73488e-01
8.67470e-01
8.69070e-01
9.19927e-01
9.12523e-01
8.80996e-01
8.60816e-01
9.37751e-01
6.27358e-01
7.51855e-01
8.76224e-01
8.71730e-01
8.84314e-01
8.96165e-01
9.27093e-01
8.66355e-01
9.28705e-01
9.36639e-01
9.78947e-01
8.80081e-01
9.01668e-01
9.69052e-01
9.26386e-01
8.66995e-01
7.80322e-01
8.08531e-01
9.35424e-01
8.64304e-01
8.56754e-01
8.65932e-01
9.33921e-01
8.85714e-01
9.03945e-01
9.30037e-01
8.94837e-01
9.23077e-01
8.98290e-01
9.37063e-01
9.23747e-01
9.49949e-01
8.52886e-01
9.90476e-01
9.59964e-01
7.98094e-01
9.75532e-01
9.01508e-01
9.40855e-01
8.91192e-01
9.54023e-01
9.51331e-01
8.64556e-01
9.21338e-01
9.48980e-01
9.53635e-01
9.56905e-01
9.23721e-01
8.17789e-01
9.75100e-01
9.75855e-01
9.53271e-01
8.99183e-01
8.31023e-01
9.06999e-01
7.81331e-01
9.07460e-01
9.66635e-01
9.41712e-01
8.25088e-01
9.50820e-01
8.64469e-01
9.20204e-01
9.02124e-01
8.71963e-01
9.88177e-01
8.53097e-01
7.71404e-01
9.18519e-01
9.49444e-01
9.34411e-01
9.40891e-01
8.80374e-01
9.37870e-01
9.72252e-01
9.86234e-01
9.50739e-01
9.13315e-01
9.28128e-01
6.06375e-01
9.26895e-01
9.31066e-01
8.75236e-01
9.43761e-01
9.01210e-01
8.91892e-01
9.59297e-01
9.23961e-01
9.52811e-01
9.21833e-01
8.71609e-01
9.08835e-01
9.82492e-01
9.30754e-01
8.38367e-01
9.61977e-01
9.43304e-01
9.64728e-01
8.90490e-01
8.96818e-01
9.71193e-01
8.26007e-01
8.67308e-01
9.54902e-01
9.79228e-01
9.14634e-01
6.70481e-01
9.51043e-01
9.74954e-01
7.96345e-01
9.15066e-01
7.57372e-01
9.21105e-01
9.25251e-01
9.65486e-01
9.58078e-01
7.31047e-01
9.21492e-01
9.53109e-01
9.72381e-01
8.29845e-01
9.29236e-01
8.96429e-01
7.54070e-01
9.54637e-01
9.37736e-01
9.50991e-01
9.61655e-01
9.52008e-01
8.66730e-01
8.54008e-01
9.52236e-01
8.83367e-01
9.32561e-01
9.56568e-01
8.46586e-01
9.18295e-01
6.46918e-01
9.47732e-01
8.35360e-01
7.62376e-01
8.48123e-01
9.75584e-01
9.66874e-01
9.19162e-01
9.26326e-01
8.83030e-01
9.17822e-01
9.02270e-01
9.11944e-01
9.53140e-01
8.08571e-01
9.91982e-01
8.31461e-01
9.47262e-01
9.16266e-01
8.19100e-01
9.44391e-01
8.90538e-01
7.05446e-01
8.77717e-01
9.64627e-01
7.46127e-01
9.68205e-01
9.59335e-01
9.22944e-01
9.63077e-01
8.74876e-01
9.44898e-01
9.23278e-01
9.59473e-01
9.69538e-01
9.42601e-01
6.29019e-01
8.91419e-01
9.37322e-01
8.85503e-01
9.35549e-01
9.32904e-01
9.72355e-01
9.50566e-01
9.00735e-01
9.19897e-01
9.53241e-01
9.15270e-01
9.68535e-01
9.85618e-01
9.22549e-01
9.63303e-01
9.28705e-01
7.96903e-01
8.91566e-01
8.82722e-01
9.76931e-01
9.28983e-01
9.45918e-01
9.90412e-01
8.11175e-01
9.32651e-01
8.77870e-01
9.48522e-01
9.03472e-01
9.54872e-01
6.89519e-01
9.59100e-01
9.64880e-01
8.44013e-01
9.69903e-01
9.78044e-01
8.52415e-01
8.75231e-01
9.80538e-01
7.73036e-01
9.24270e-01
9.64718e-01
9.42398e-01
6.87826e-01
9.75558e-01
9.12691e-01
8.39252e-01
9.65932e-01
9.54887e-01
8.95495e-01
9.07801e-01
7.65013e-01
9.46378e-01
9.21201e-01
9.60512e-01
9.24752e-01
9.53510e-01
9.70179e-01
9.64753e-01
9.44724e-01
9.38873e-01
9.36248e-01
6.92181e-01
9.26854e-01
9.39864e-01
8.51721e-01
8.42291e-01
9.37950e-01
9.32521e-01
8.63177e-01
8.26606e-01
8.25383e-01
9.50673e-01
9.27778e-01
8.21361e-01
9.33272e-01
9.53684e-01
7.34079e-01
8.93048e-01
9.52297e-01
9.05103e-01
9.22756e-01
8.59615e-01
9.75345e-01
9.71223e-01
9.19670e-01
9.78325e-01
9.67213e-01
8.69763e-01
9.61101e-01
8.49533e-01
9.63483e-01
8.73921e-01
9.51244e-01
9.12298e-01
8.11224e-01
8.89447e-01
8.67821e-01
9.41930e-01
9.16890e-01
8.67958e-01
9.38008e-01
5.87554e-01
9.60566e-01
9.65517e-01
9.81025e-01
9.04715e-01
9.52709e-01
9.44874e-01
9.72449e-01
8.93761e-01
9.72441e-01
9.12961e-01
9.43470e-01
9.15194e-01
8.29006e-01
7.30769e-01
9.58371e-01
9.37442e-01
7.55993e-01
9.71215e-01
9.07216e-01
9.52532e-01
8.08471e-01
9.18146e-01
8.96175e-01
9.63504e-01
9.18019e-01
8.97384e-01
8.54247e-01
5.72131e-01
9.50884e-01
8.91690e-01
8.73684e-01
9.60435e-01
9.00270e-01
9.24694e-01
9.53654e-01
9.79710e-01
8.03721e-01
8.73541e-01
8.50701e-01
5.89474e-01
9.69185e-01
9.03518e-01
9.19797e-01
9.44547e-01
9.59434e-01
9.67836e-01
6.20948e-01
6.88671e-01
6.97143e-01
9.59082e-01
9.21875e-01
9.55752e-01
9.39013e-01
9.11005e-01
8.70314e-01
9.43737e-01
9.57073e-01
9.58773e-01
7.33114e-01
9.33105e-01
9.50769e-01
9.38735e-01
7.53191e-01
8.88584e-01
9.81718e-01
7.58768e-01
9.10035e-01
9.64151e-01
7.35398e-01
9.67914e-01
9.79492e-01
8.90355e-01
9.09971e-01
9.55437e-01
6.48287e-01
9.04584e-01
9.73051e-01
8.44569e-01
9.41973e-01
9.26142e-01
9.13129e-01
8.65797e-01
9.50000e-01
9.68064e-01
9.74253e-01
9.72868e-01
9.83886e-01
9.80021e-01
9.31480e-01
8.87405e-01
8.97044e-01
9.37674e-01
9.62304e-01
9.64462e-01
9.63636e-01
9.20082e-01
9.06934e-01
9.09683e-01
7.15589e-01
6.65730e-01
5.85843e-01
9.49588e-01
8.47473e-01
9.69247e-01
9.68938e-01
8.56784e-01
9.11201e-01
9.48207e-01
9.26614e-01
7.07200e-01
9.55224e-01
8.88997e-01
9.62997e-01
9.45921e-01
9.78929e-01
9.66436e-01
8.96027e-01
8.27150e-01
9.73166e-01
7.89382e-01
8.84872e-01
8.10359e-01
9.56360e-01
9.42100e-01
9.61765e-01
9.46179e-01
9.35780e-01
8.56261e-01
9.52199e-01
9.33877e-01
9.13989e-01
9.50581e-01
8.79066e-01
9.54728e-01
8.76207e-01
9.68124e-01
9.58640e-01
9.37905e-01
7.53769e-01
9.23400e-01
6.32994e-01
9.00198e-01
9.69216e-01
8.22142e-01
9.25224e-01
9.42885e-01
9.45205e-01
8.97462e-01
9.45946e-01
9.11623e-01
9.42966e-01
9.67650e-01
8.67041e-01
9.37554e-01
9.43340e-01
9.16742e-01
9.54071e-01
7.47981e-01
8.75564e-01
9.35278e-01
9.38330e-01
9.38813e-01
9.50185e-01
9.12347e-01
6.90559e-01
9.89827e-01
8.89965e-01
6.73623e-01
9.34307e-01
9.59123e-01
9.64182e-01
9.60194e-01
9.49423e-01
9.34149e-01
9.05292e-01
8.54693e-01
8.75805e-01
7.55176e-01
8.94161e-01
9.17051e-01
8.75374e-01
9.70348e-01
9.23432e-01
9.47257e-01
9.42478e-01
9.68839e-01
9.42134e-01
9.37183e-01
9.80392e-01
9.19820e-01
6.50327e-01
8.38875e-01
9.72407e-01
9.24330e-01
9.69082e-01
9.10714e-01
9.33763e-01
8.81489e-01
9.56132e-01
9.35909e-01
9.50429e-01
9.86288e-01
9.51456e-01
9.37563e-01
9.57789e-01
7.99634e-01
7.01839e-01
7.46257e-01
8.91487e-01
9.55098e-01
6.88511e-01
8.82187e-01
8.58921e-01
9.51437e-01
7.04704e-01
8.44898e-01
9.58993e-01
9.44612e-01
9.20783e-01
9.16822e-01
7.33021e-01
8.80682e-01
9.68750e-01
9.66189e-01
8.79693e-01
9.42799e-01
8.62632e-01
9.14172e-01
6.84919e-01
9.42539e-01
7.13913e-01
9.71041e-01
6.95849e-01
9.09261e-01
9.61131e-01
9.00794e-01
9.38662e-01
9.51056e-01
9.19540e-01
9.70276e-01
9.70348e-01
9.30335e-01
9.19081e-01
9.37251e-01
7.98629e-01
9.37126e-01
9.19715e-01
8.66368e-01
9.56563e-01
9.70766e-01
8.83821e-01
8.52749e-01
8.09067e-01
9.39182e-01
9.24107e-01
8.52022e-01
7.56507e-01
9.08240e-01
6.93182e-01
9.54930e-01
9.73442e-01
9.20556e-01
8.62286e-01
8.95551e-01
8.26300e-01
9.38683e-01
8.34350e-01
9.44334e-01
8.59541e-01
9.33333e-01
8.78899e-01
9.04720e-01
9.45489e-01
9.22374e-01
9.09660e-01
8.97361e-01
8.94231e-01
8.19482e-01
7.53497e-01
8.85202e-01
8.60374e-01
8.66667e-01
7.59225e-01
8.93694e-01
8.59010e-01
8.45238e-01
9.84344e-01
9.21875e-01
9.21692e-01
8.76224e-01
8.93123e-01
8.43508e-01
8.80262e-01
9.05028e-01
9.22379e-01
9.24658e-01
8.51291e-01
8.73418e-01
7.88861e-01
9.04153e-01
9.00962e-01
8.34608e-01
8.50228e-01
8.59617e-01
8.93514e-01
6.88747e-01
9.22339e-01
8.85553e-01
8.92523e-01
9.53180e-01
8.67387e-01
9.77273e-01
9.46396e-01
8.83588e-01
6.79766e-01
6.96203e-01
8.25046e-01
8.98305e-01
9.66135e-01
9.09091e-01
8.36638e-01
8.83128e-01
9.22115e-01
8.59129e-01
9.16592e-01
8.71055e-01
9.01141e-01
8.79880e-01
8.67502e-01
8.37764e-01
9.86345e-01
8.47173e-01
8.84444e-01
8.90794e-01
9.30754e-01
9.22006e-01
8.86467e-01
8.23932e-01
8.67925e-01
9.67871e-01
8.69058e-01
9.24436e-01
9.25612e-01
9.21267e-01
8.58746e-01
8.86343e-01
9.25760e-01
9.45641e-01
8.42205e-01
8.69565e-01
8.60037e-01
8.95182e-01
9.31335e-01
8.84409e-01
8.86179e-01
8.87255e-01
8.88483e-01
7.96148e-01
7.63158e-01
9.30693e-01
8.49038e-01
8.69419e-01
8.79958e-01
8.33333e-01
9.10000e-01
8.79017e-01
8.76532e-01
9.77517e-01
8.29044e-01
8.90189e-01
9.36421e-01
9.32607e-01
8.50746e-01
7.85095e-01
8.73225e-01
8.01903e-01
8.84501e-01
9.32105e-01
8.80486e-01
8.59232e-01
8.09743e-01
8.61085e-01
8.78136e-01
8.78005e-01
9.06867e-01
8.40870e-01
9.15674e-01
9.57798e-01
8.82300e-01
8.20814e-01
8.69131e-01
8.84440e-01
9.40719e-01
8.87834e-01
8.77177e-01
9.06077e-01
8.61085e-01
9.26148e-01
9.12684e-01
8.44858e-01
8.74269e-01
7.86537e-01
9.46269e-01
9.49858e-01
7.29064e-01
8.39893e-01
8.92953e-01
9.64981e-01
8.89205e-01
8.67347e-01
8.71389e-01
8.24156e-01
7.86127e-01
9.38532e-01
9.08458e-01
8.68750e-01
9.00095e-01
9.64008e-01
9.25447e-01
9.20773e-01
9.08465e-01
9.17795e-01
9.25993e-01
9.03430e-01
9.26087e-01
8.69565e-01
7.82801e-01
9.33275e-01
9.48852e-01
9.09176e-01
9.10434e-01
9.88361e-01
8.63833e-01
8.86740e-01
9.62245e-01
8.97007e-01
9.14423e-01
8.59252e-01
8.19392e-01
8.31851e-01
9.06134e-01
9.18085e-01
8.74336e-01
7.64511e-01
9.12250e-01
9.21476e-01
9.27451e-01
8.53047e-01
9.78661e-01
8.86186e-01
9.10364e-01
8.87372e-01
9.39604e-01
8.97098e-01
9.21348e-01
7.93333e-01
8.89296e-01
8.88889e-01
8.71869e-01
9.19742e-01
9.02164e-01
8.80612e-01
9.61501e-01
8.93555e-01
9.62209e-01
7.74089e-01
8.02752e-01
8.45161e-01
9.13715e-01
8.35924e-01
8.26211e-01
8.99240e-01
9.00299e-01
9.15009e-01
9.58144e-01
8.25088e-01
8.66726e-01
8.97391e-01
8.50585e-01
9.05393e-01
8.89529e-01
8.40307e-01
8.92216e-01
8.56655e-01
8.62963e-01
9.24563e-01
9.11851e-01
9.45421e-01
9.13514e-01
8.61977e-01
7.57167e-01
8.86570e-01
8.32143e-01
9.24440e-01
8.56343e-01
8.77799e-01
8.38765e-01
8.85294e-01
8.67584e-01
8.74770e-01
8.22888e-01
8.95753e-01
9.11051e-01
9.20649e-01
9.23585e-01
8.86450e-01
9.73523e-01
9.14155e-01
8.71534e-01
9.26415e-01
8.56529e-01
8.56082e-01
8.71534e-01
8.44226e-01
8.91813e-01
9.67043e-01
9.27772e-01
9.60630e-01
9.11675e-01
9.21655e-01
8.94386e-01
8.58929e-01
8.96584e-01
9.67919e-01
8.66279e-01
9.55046e-01
8.21824e-01
9.63427e-01
8.81389e-01
9.34211e-01
9.44023e-01
8.33180e-01
9.04372e-01
8.96840e-01
9.01907e-01
7.66695e-01
9.06588e-01
9.37824e-01
8.27911e-01
8.81489e-01
6.30168e-01
9.12961e-01
7.46635e-01
8.29556e-01
9.53422e-01
9.15237e-01
8.46154e-01
9.48858e-01
7.75391e-01
7.40589e-01
8.30869e-01
9.11392e-01
9.12281e-01
9.07652e-01
9.19476e-01
9.17904e-01
9.44500e-01
8.65367e-01
8.30189e-01
8.69850e-01
8.45057e-01
8.34825e-01
9.70443e-01
8.32105e-01
9.75769e-01
9.21127e-01
9.61394e-01
8.80228e-01
8.84690e-01
7.56387e-01
8.54043e-01
8.74132e-01
9.14833e-01
8.20666e-01
8.39070e-01
8.71324e-01
9.31966e-01
8.70270e-01
7.80890e-01
8.33673e-01
9.29875e-01
9.65243e-01
9.81347e-01
8.96987e-01
9.17969e-01
7.22222e-01
8.75805e-01
8.11655e-01
8.87446e-01
9.20870e-01
9.17404e-01
8.33042e-01
9.00735e-01
9.40243e-01
9.19792e-01
7.26982e-01
9.51124e-01
8.54578e-01
9.13896e-01
9.07789e-01
9.15452e-01
9.15444e-01
8.60724e-01
7.88868e-01
8.61185e-01
7.65690e-01
9.00204e-01
9.03415e-01
9.66759e-01
9.14744e-01
9.07749e-01
9.29254e-01
8.09886e-01
8.80742e-01
8.47866e-01
9.43304e-01
8.87417e-01
8.87050e-01
9.29155e-01
9.18261e-01
8.76670e-01
8.03640e-01
8.50575e-01
8.52182e-01
9.73560e-01
9.07816e-01
8.91419e-01
8.65255e-01
8.37687e-01
8.60892e-01
9.09091e-01
7.72884e-01
8.39209e-01
7.46060e-01
9.11894e-01
8.68867e-01
8.91386e-01
7.56206e-01
8.60315e-01
9.33211e-01
9.12098e-01
8.54495e-01
8.39301e-01
7.76119e-01
7.58713e-01
8.41213e-01
9.65858e-01
9.06780e-01
9.64320e-01
8.46154e-01
8.73383e-01
8.62931e-01
7.61618e-01
7.86355e-01
8.46591e-01
9.27240e-01
8.93345e-01
7.34748e-01
8.94072e-01
8.27792e-01
8.37786e-01
9.28957e-01
9.17897e-01
9.33457e-01
8.74778e-01
9.51896e-01
8.79420e-01
9.07571e-01
9.22619e-01
7.28935e-01
8.55060e-01
9.35580e-01
7.59212e-01
8.81701e-01
8.43228e-01
8.60887e-01
8.98140e-01
8.01189e-01
9.34622e-01
8.91098e-01
7.83759e-01
9.01978e-01
9.76281e-01
7.75835e-01
9.23387e-01
9.06741e-01
8.80952e-01
9.19651e-01
8.94789e-01
9.54721e-01
8.73840e-01
9.44668e-01
8.32016e-01
9.07907e-01
8.93519e-01
5.83138e-01
8.62780e-01
9.51036e-01
8.78343e-01
9.26761e-01
7.62712e-01
8.85820e-01
6.70229e-01
7.67987e-01
6.96574e-01
8.67126e-01
8.68911e-01
8.98242e-01
8.58550e-01
7.62376e-01
8.93136e-01
8.75899e-01
9.32187e-01
9.24741e-01
9.25200e-01
8.30610e-01
8.27891e-01
8.46608e-01
8.65348e-01
9.25046e-01
8.71518e-01
8.65631e-01
8.51026e-01
9.40000e-01
5.76246e-01
7.82537e-01
8.58803e-01
8.88416e-01
8.65628e-01
8.36735e-01
9.09091e-01
8.76995e-01
9.23221e-01
9.19854e-01
9.74113e-01
8.99791e-01
8.80766e-01
9.74831e-01
8.88258e-01
8.59649e-01
7.63514e-01
8.09432e-01
9.28044e-01
8.61446e-01
8.51584e-01
8.89299e-01
9.38489e-01
8.84802e-01
9.24528e-01
9.47070e-01
9.17148e-01
8.88992e-01
9.27778e-01
9.28929e-01
9.23757e-01
9.47692e-01
9.14367e-01
9.84891e-01
9.69670e-01
7.75685e-01
9.75454e-01
9.34560e-01
9.42308e-01
9.29004e-01
9.75586e-01
9.47273e-01
8.47865e-01
9.22453e-01
9.53271e-01
9.58991e-01
9.69815e-01
9.40341e-01
8.01895e-01
9.77160e-01
9.56349e-01
9.51941e-01
8.96676e-01
8.44504e-01
9.11283e-01
8.33333e-01
8.94638e-01
9.50880e-01
9.57798e-01
8.42251e-01
9.43269e-01
7.92920e-01
9.18060e-01
9.47217e-01
9.33529e-01
9.91115e-01
8.57017e-01
7.81055e-01
9.06508e-01
9.31382e-01
9.45611e-01
9.51315e-01
8.76838e-01
9.48566e-01
9.88134e-01
9.85309e-01
9.72700e-01
9.03025e-01
9.24579e-01
6.02611e-01
9.19427e-01
9.35245e-01
8.82075e-01
9.45922e-01
9.02000e-01
9.04719e-01
9.46364e-01
9.08127e-01
9.52000e-01
9.03829e-01
9.08411e-01
9.09178e-01
9.84456e-01
9.60285e-01
8.68486e-01
9.48912e-01
9.52811e-01
9.54930e-01
8.54323e-01
9.04624e-01
9.17413e-01
8.84615e-01
8.80117e-01
9.72305e-01
9.78261e-01
9.61014e-01
6.44813e-01
9.46412e-01
9.82092e-01
9.45180e-01
9.11795e-01
7.99495e-01
9.43508e-01
9.23006e-01
9.67421e-01
9.54175e-01
7.03736e-01
9.60843e-01
9.14480e-01
9.78158e-01
8.32727e-01
9.16589e-01
9.06915e-01
7.57940e-01
9.65341e-01
9.64728e-01
9.46653e-01
9.73604e-01
9.39248e-01
8.09349e-01
8.42725e-01
9.40816e-01
8.82828e-01
9.01879e-01
9.63830e-01
8.20204e-01
9.28251e-01
6.41067e-01
8.99225e-01
7.93167e-01
7.81353e-01
8.63676e-01
9.76695e-01
9.67044e-01
9.03770e-01
9.16174e-01
8.56618e-01
9.50254e-01
9.36821e-01
8.94057e-01
9.62857e-01
8.45341e-01
9.66518e-01
8.36716e-01
9.43320e-01
9.08742e-01
8.19013e-01
9.31992e-01
8.87082e-01
7.57576e-01
8.79781e-01
9.62715e-01
7.65828e-01
9.59711e-01
9.77022e-01
9.35145e-01
9.26633e-01
8.62550e-01
9.64139e-01
9.14688e-01
9.73577e-01
9.42949e-01
9.01825e-01
6.72589e-01
8.80806e-01
9.58454e-01
8.84580e-01
9.15675e-01
9.49168e-01
9.66475e-01
9.25926e-01
8.91916e-01
9.13379e-01
9.53092e-01
9.26386e-01
9.75149e-01
9.76967e-01
9.22027e-01
9.71349e-01
9.42803e-01
7.74545e-01
8.69447e-01
8.62100e-01
9.79879e-01
9.54946e-01
9.46830e-01
9.76281e-01
8.34791e-01
9.48962e-01
8.83441e-01
9.48192e-01
9.22222e-01
9.46083e-01
6.54818e-01
9.36747e-01
9.66418e-01
8.14145e-01
9.68902e-01
9.61727e-01
8.34367e-01
8.52182e-01
9.71455e-01
7.68281e-01
9.34683e-01
9.62851e-01
9.47761e-01
6.61913e-01
9.76571e-01
9.03255e-01
8.27012e-01
9.69062e-01
9.23239e-01
8.66726e-01
8.96825e-01
7.68041e-01
9.13204e-01
9.23368e-01
9.51012e-01
9.23383e-01
9.64728e-01
9.62598e-01
9.71116e-01
9.67546e-01
9.83366e-01
9.66241e-01
7.42207e-01
9.38197e-01
9.56311e-01
8.10646e-01
8.14286e-01
9.16216e-01
9.30620e-01
9.23225e-01
7.76690e-01
8.49913e-01
9.62829e-01
9.33824e-01
8.50000e-01
9.17042e-01
9.41727e-01
8.13769e-01
8.86926e-01
9.60784e-01
9.21288e-01
9.36975e-01
8.68321e-01
9.70385e-01
9.53676e-01
9.05337e-01
9.86288e-01
9.62536e-01
8.65385e-01
9.45437e-01
8.78673e-01
9.62212e-01
8.98690e-01
9.50050e-01
9.12121e-01
7.52483e-01
9.04924e-01
8.07588e-01
9.66524e-01
8.69875e-01
8.70682e-01
9.34959e-01
5.65126e-01
9.65341e-01
9.60630e-01
9.79343e-01
9.49900e-01
9.41577e-01
9.19431e-01
9.66531e-01
8.82452e-01
9.71316e-01
9.44919e-01
9.42100e-01
9.04302e-01
8.31858e-01
7.88991e-01
9.46381e-01
9.34884e-01
7.31245e-01
9.63197e-01
8.98258e-01
9.50106e-01
7.98350e-01
9.04902e-01
9.47511e-01
9.42727e-01
8.87660e-01
9.14373e-01
8.73777e-01
6.47009e-01
9.41642e-01
8.83721e-01
8.53596e-01
9.66337e-01
9.16141e-01
9.00519e-01
8.99123e-01
9.61905e-01
8.54008e-01
8.51600e-01
9.59248e-01
5.95616e-01
9.77023e-01
8.83838e-01
9.01590e-01
9.42623e-01
9.62477e-01
9.68750e-01
6.76131e-01
6.89686e-01
6.30485e-01
9.17647e-01
9.42141e-01
9.69246e-01
9.51028e-01
9.44177e-01
8.96728e-01
9.48663e-01
9.61424e-01
9.31559e-01
7.18299e-01
9.36152e-01
9.42308e-01
9.64395e-01
8.23325e-01
7.89565e-01
9.84503e-01
7.38357e-01
9.11664e-01
9.40257e-01
7.09620e-01
9.61062e-01
9.50581e-01
8.89001e-01
9.05769e-01
9.71119e-01
6.41385e-01
9.11132e-01
9.60000e-01
8.64469e-01
9.59843e-01
9.74232e-01
9.51646e-01
8.81356e-01
9.77085e-01
9.74000e-01
9.20276e-01
9.62392e-01
9.73435e-01
9.84277e-01
9.42771e-01
9.03042e-01
8.82710e-01
9.37207e-01
9.62617e-01
9.46154e-01
9.55577e-01
9.23935e-01
9.01639e-01
8.33795e-01
6.99754e-01
6.44222e-01
7.50801e-01
9.63197e-01
8.38078e-01
9.55508e-01
9.78809e-01
8.87660e-01
9.10931e-01
9.68159e-01
9.09004e-01
7.17676e-01
9.62151e-01
9.06468e-01
9.31985e-01
9.58602e-01
9.77312e-01
9.69428e-01
8.83682e-01
8.67532e-01
9.73190e-01
7.35833e-01
9.32353e-01
8.04184e-01
9.45105e-01
8.90398e-01
9.45841e-01
9.66304e-01
9.30443e-01
8.56140e-01
9.42995e-01
8.68924e-01
8.82140e-01
9.34300e-01
8.81164e-01
9.61117e-01
9.32493e-01
9.65580e-01
9.72015e-01
9.39058e-01
7.93395e-01
9.38883e-01
6.06807e-01
9.30653e-01
9.77401e-01
8.14516e-01
9.09268e-01
9.60976e-01
9.34502e-01
9.10204e-01
9.44946e-01
9.31665e-01
9.22787e-01
9.64049e-01
9.23721e-01
9.31034e-01
9.46894e-01
9.44341e-01
9.67161e-01
7.47762e-01
8.45471e-01
9.38126e-01
9.19249e-01
9.69557e-01
9.25960e-01
9.23513e-01
7.20575e-01
9.89858e-01
8.62522e-01
6.90351e-01
9.31507e-01
9.36832e-01
9.80450e-01
9.37859e-01
9.42325e-01
9.77295e-01
9.11463e-01
8.23098e-01
8.44828e-01
7.30906e-01
8.70236e-01
9.45269e-01
8.29361e-01
9.50902e-01
9.51977e-01
9.20168e-01
9.32350e-01
9.66070e-01
9.24866e-01
9.40268e-01
9.81185e-01
9.02693e-01
6.51894e-01
8.08047e-01
9.77208e-01
9.37853e-01
9.50287e-01
8.79852e-01
9.63483e-01
8.66732e-01
9.53141e-01
9.53405e-01
9.45972e-01
9.86328e-01
9.53390e-01
9.33267e-01
9.53557e-01
7.91150e-01
6.09445e-01
6.91199e-01
8.61496e-01
9.74790e-01
7.00862e-01
8.99807e-01
8.06220e-01
9.37931e-01
7.49081e-01
8.92683e-01
9.45471e-01
9.47633e-01
9.30937e-01
9.38795e-01
7.32914e-01
8.90436e-01
9.55357e-01
9.54361e-01
8.59574e-01
9.59669e-01
8.62036e-01
9.54222e-01
6.70732e-01
9.35424e-01
7.59516e-01
9.65827e-01
6.56956e-01
9.10517e-01
9.65639e-01
9.09729e-01
9.63242e-01
9.81607e-01
9.01246e-01
9.63597e-01
9.59163e-01
9.12544e-01
8.93281e-01
9.33729e-01
8.39347e-01
9.51992e-01
9.31352e-01
8.44720e-01
9.37618e-01
9.69666e-01
8.95509e-01
8.50691e-01
7.99827e-01
9.09180e-01
9.24256e-01
8.49074e-01
7.64957e-01
9.14853e-01
7.54230e-01
9.48694e-01
9.67480e-01
9.27218e-01
8.33186e-01
8.90909e-01
8.27925e-01
9.46364e-01
8.68515e-01
9.44167e-01
8.67201e-01
9.03318e-01
8.64545e-01
9.15771e-01
9.66229e-01
9.18423e-01
9.06643e-01
9.06312e-01
9.26060e-01
8.40328e-01
7.60244e-01
8.64889e-01
8.57982e-01
8.69338e-01
7.35832e-01
9.16590e-01
8.20183e-01
8.45486e-01
9.75610e-01
9.10766e-01
9.00088e-01
8.57648e-01
9.05204e-01
8.46088e-01
8.76532e-01
9.04275e-01
9.27565e-01
9.09884e-01
8.68705e-01
8.97021e-01
7.37490e-01
8.99683e-01
9.19182e-01
8.27652e-01
8.56486e-01
7.78947e-01
8.82184e-01
6.90688e-01
9.23483e-01
8.77570e-01
9.04853e-01
9.39130e-01
8.74633e-01
9.84141e-01
9.16440e-01
8.59716e-01
7.07602e-01
7.49588e-01
7.91168e-01
8.93939e-01
9.73161e-01
8.95393e-01
8.33490e-01
8.76736e-01
9.26428e-01
8.45803e-01
9.20465e-01
8.98336e-01
9.35762e-01
8.62512e-01
8.20535e-01
8.42447e-01
9.87328e-01
8.72167e-01
8.75880e-01
8.93829e-01
9.52090e-01
9.41286e-01
8.92015e-01
8.65267e-01
8.40272e-01
9.45946e-01
8.82671e-01
9.14956e-01
9.23368e-01
9.08438e-01
8.53953e-01
9.03285e-01
9.27224e-01
9.36670e-01
8.13259e-01
8.91993e-01
8.61722e-01
8.81956e-01
9.24038e-01
8.95212e-01
8.32595e-01
8.79460e-01
9.09761e-01
8.36683e-01
7.98652e-01
8.86957e-01
9.25813e-01
8.94017e-01
8.33165e-01
7.71888e-01
9.18675e-01
8.96682e-01
8.86148e-01
9.74585e-01
7.95936e-01
9.08842e-01
9.34486e-01
9.28641e-01
7.99509e-01
7.80342e-01
8.64407e-01
8.05532e-01
8.05477e-01
8.99074e-01
8.88889e-01
8.60166e-01
8.16327e-01
8.76200e-01
8.87067e-01
8.99461e-01
8.92958e-01
8.30255e-01
8.62222e-01
9.09010e-01
8.70107e-01
8.22181e-01
8.61446e-01
8.69991e-01
9.29893e-01
8.89373e-01
9.03435e-01
8.85426e-01
9.09524e-01
9.11706e-01
9.06108e-01
8.34951e-01
8.47637e-01
7.79841e-01
9.65966e-01
9.45128e-01
7.31209e-01
9.33460e-01
9.06750e-01
9.69815e-01
8.87021e-01
8.44378e-01
8.67925e-01
8.46085e-01
7.98520e-01
9.12455e-01
9.20398e-01
9.15378e-01
8.83191e-01
9.66764e-01
9.35288e-01
9.10680e-01
9.04667e-01
9.08046e-01
9.15468e-01
8.91868e-01
9.26957e-01
8.13039e-01
7.63066e-01
9.15863e-01
9.50526e-01
8.91612e-01
9.03970e-01
9.87427e-01
8.93673e-01
8.72827e-01
9.58291e-01
8.82199e-01
9.14341e-01
8.38803e-01
8.72195e-01
8.22638e-01
9.13165e-01
9.26518e-01
9.09655e-01
7.74566e-01
9.15194e-01
8.60356e-01
8.84250e-01
8.86157e-01
9.75681e-01
8.72961e-01
9.18463e-01
8.74150e-01
9.25890e-01
8.27557e-01
9.04806e-01
8.45957e-01
8.83424e-01
9.00943e-01
8.47826e-01
8.91621e-01
8.84758e-01
8.89564e-01
9.54990e-01
8.83219e-01
9.68780e-01
8.31940e-01
8.22878e-01
8.46442e-01
8.88093e-01
8.29310e-01
8.73267e-01
8.86364e-01
9.13914e-01
9.17722e-01
9.60731e-01
8.38393e-01
8.85918e-01
9.15344e-01
8.62534e-01
8.88889e-01
8.96217e-01
8.53701e-01
8.98288e-01
8.35443e-01
8.36414e-01
8.99099e-01
8.72710e-01
9.41176e-01
9.34307e-01
8.83929e-01
7.44983e-01
8.30373e-01
8.70504e-01
9.06481e-01
8.71723e-01
8.71653e-01
8.16102e-01
9.10256e-01
9.00616e-01
9.04315e-01
7.94894e-01
8.80611e-01
8.92730e-01
8.96185e-01
9.16353e-01
8.77026e-01
9.72561e-01
9.35185e-01
8.76738e-01
9.02144e-01
8.70453e-01
8.47786e-01
9.05028e-01
8.02817e-01
8.91813e-01
9.36523e-01
8.87160e-01
9.48192e-01
9.08998e-01
9.02778e-01
8.69565e-01
8.71377e-01
8.73383e-01
9.67033e-01
8.94892e-01
9.54797e-01
8.21109e-01
9.72487e-01
8.15642e-01
9.42561e-01
9.34211e-01
9.22849e-01
8.76233e-01
8.36299e-01
8.38339e-01
7.05740e-01
9.06931e-01
9.23208e-01
9.00000e-01
8.72259e-01
6.28550e-01
8.67094e-01
7.75327e-01
8.50773e-01
9.32267e-01
9.20040e-01
8.39572e-01
9.36479e-01
8.06072e-01
6.61576e-01
8.21234e-01
9.18707e-01
9.07426e-01
9.09011e-01
9.09683e-01
9.13988e-01
9.70913e-01
8.79812e-01
8.19966e-01
8.76298e-01
8.52886e-01
8.15174e-01
9.70501e-01
8.17083e-01
9.78605e-01
8.82569e-01
9.81007e-01
8.81566e-01
9.08644e-01
7.75142e-01
8.67589e-01
8.54936e-01
9.03013e-01
8.46221e-01
8.55388e-01
8.84758e-01
8.91026e-01
8.68823e-01
7.67404e-01
8.22515e-01
9.36047e-01
9.70090e-01
9.77273e-01
8.85577e-01
9.16261e-01
7.21368e-01
8.60982e-01
7.66667e-01
8.86986e-01
9.18033e-01
9.27237e-01
8.44887e-01
9.00372e-01
9.30776e-01
8.72984e-01
7.52679e-01
9.54410e-01
8.60759e-01
9.10638e-01
8.79752e-01
8.92483e-01
8.98377e-01
8.84544e-01
8.52558e-01
8.64841e-01
7.61584e-01
8.83300e-01
9.04947e-01
9.72376e-01
8.95792e-01
8.80651e-01
9.40270e-01
8.36988e-01
8.97163e-01
8.47005e-01
9.18762e-01
8.60294e-01
8.91602e-01
8.81015e-01
9.07519e-01
8.76782e-01
7.85038e-01
8.17474e-01
8.89292e-01
9.70727e-01
9.06746e-01
8.97887e-01
8.39015e-01
8.28652e-01
8.63316e-01
8.99038e-01
8.08473e-01
8.35034e-01
7.24625e-01
9.01060e-01
8.57017e-01
8.79263e-01
7.71224e-01
8.34559e-01
9.19164e-01
8.99719e-01
8.51852e-01
8.42291e-01
7.79039e-01
7.83662e-01
8.78650e-01
9.58892e-01
9.19519e-01
9.70048e-01
8.76394e-01
8.69926e-01
7.74518e-01
7.12375e-01
8.15118e-01
8.58373e-01
9.32921e-01
8.15766e-01
7.60753e-01
8.78327e-01
8.39071e-01
8.43362e-01
9.38628e-01
9.31418e-01
9.39366e-01
8.81662e-01
9.48244e-01
8.81495e-01
8.88889e-01
9.40644e-01
7.42226e-01
8.28523e-01
9.18208e-01
7.60309e-01
9.02347e-01
8.27149e-01
8.56716e-01
9.16146e-01
8.45758e-01
9.29889e-01
8.95085e-01
7.91058e-01
9.19311e-01
9.64929e-01
8.55000e-01
9.28643e-01
9.18594e-01
8.58949e-01
9.21191e-01
9.11531e-01
9.66052e-01
8.78816e-01
9.45399e-01
8.29220e-01
9.21992e-01
9.06629e-01
6.57635e-01
8.25328e-01
9.52875e-01
8.64957e-01
9.45128e-01
8.12825e-01
8.72611e-01
7.07812e-01
7.83850e-01
7.57524e-01
8.66990e-01
8.77224e-01
9.26554e-01
8.73995e-01
8.00000e-01
9.10211e-01
9.05369e-01
9.45402e-01
9.31262e-01
9.16519e-01
8.01370e-01
8.82900e-01
8.46686e-01
8.76056e-01
9.40476e-01
8.15835e-01
8.59617e-01
8.45884e-01
9.27146e-01
5.27397e-01
6.92490e-01
8.65591e-01
8.36885e-01
8.94482e-01
8.36231e-01
9.29155e-01
8.71028e-01
9.33148e-01
9.19340e-01
9.71374e-01
6.73250e-01
8.91798e-01
9.75845e-01
9.21681e-01
8.90981e-01
7.72227e-01
7.58201e-01
9.22723e-01
8.91916e-01
8.62727e-01
9.12558e-01
9.39685e-01
8.61377e-01
9.24915e-01
9.28906e-01
9.31068e-01
9.12758e-01
9.57667e-01
8.99119e-01
8.92589e-01
9.45361e-01
8.83549e-01
9.84891e-01
9.51915e-01
8.03433e-01
9.79614e-01
9.23780e-01
9.39505e-01
8.93836e-01
9.59499e-01
9.41871e-01
8.68750e-01
9.43482e-01
9.32099e-01
9.49011e-01
9.68689e-01
9.13809e-01
8.11694e-01
9.74409e-01
9.74874e-01
9.44598e-01
9.07931e-01
8.54824e-01
9.08309e-01
7.80799e-01
9.23225e-01
9.56198e-01
9.60623e-01
8.16473e-01
9.48027e-01
8.41198e-01
9.20067e-01
9.41794e-01
8.47005e-01
9.77648e-01
9.21604e-01
7.61207e-01
9.18519e-01
9.19840e-01
9.41009e-01
9.47624e-01
8.47985e-01
9.28709e-01
9.80666e-01
9.83398e-01
9.61039e-01
8.92540e-01
9.30335e-01
5.87302e-01
9.12889e-01
9.20257e-01
8.72970e-01
9.47695e-01
8.97206e-01
8.95509e-01
9.57798e-01
9.26808e-01
9.54000e-01
9.15179e-01
9.00842e-01
8.82245e-01
9.89723e-01
9.54128e-01
8.42148e-01
9.78826e-01
9.53141e-01
9.69668e-01
8.59867e-01
9.18683e-01
9.55239e-01
7.82143e-01
8.96818e-01
9.71400e-01
9.82143e-01
9.67679e-01
7.28319e-01
9.48087e-01
9.85889e-01
9.46023e-01
9.16751e-01
7.76560e-01
9.55823e-01
9.41230e-01
9.71067e-01
9.57143e-01
7.16535e-01
9.38431e-01
9.47948e-01
9.73460e-01
8.18018e-01
9.25651e-01
9.29666e-01
7.20812e-01
9.62551e-01
9.59048e-01
9.59205e-01
9.73577e-01
9.52519e-01
8.29945e-01
8.45767e-01
9.44219e-01
8.66867e-01
8.94845e-01
9.72103e-01
7.96029e-01
9.27743e-01
6.72624e-01
8.81389e-01
7.96244e-01
8.12816e-01
8.60224e-01
9.74603e-01
9.64985e-01
9.09453e-01
9.30966e-01
8.64516e-01
9.60986e-01
9.39484e-01
9.04514e-01
9.60114e-01
7.87736e-01
9.62222e-01
8.65042e-01
9.30140e-01
9.13580e-01
8.18350e-01
9.46257e-01
9.34149e-01
6.94060e-01
8.83244e-01
9.65385e-01
7.53401e-01
9.61578e-01
9.79724e-01
9.39130e-01
9.46776e-01
8.88218e-01
9.58974e-01
9.15210e-01
9.69636e-01
9.56476e-01
9.18584e-01
6.63194e-01
9.20607e-01
9.06827e-01
8.86827e-01
9.26148e-01
9.24119e-01
9.71537e-01
9.36105e-01
9.19890e-01
9.07534e-01
9.41860e-01
9.17987e-01
9.72277e-01
9.81731e-01
9.13556e-01
9.64088e-01
9.32331e-01
7.92171e-01
8.81701e-01
7.81850e-01
9.75000e-01
9.36946e-01
9.43032e-01
9.75120e-01
8.27485e-01
9.50692e-01
8.87466e-01
9.35361e-01
9.10562e-01
9.55807e-01
7.47334e-01
9.74200e-01
9.67502e-01
7.64658e-01
9.59732e-01
9.62562e-01
8.20215e-01
8.74081e-01
9.57604e-01
7.45061e-01
9.35101e-01
9.61039e-01
9.34087e-01
6.08911e-01
9.70526e-01
8.95928e-01
8.41959e-01
9.67164e-01
9.31404e-01
9.00461e-01
9.02390e-01
7.65734e-01
9.30451e-01
9.09683e-01
9.45802e-01
9.28500e-01
9.62085e-01
9.68317e-01
9.68000e-01
9.63928e-01
9.69142e-01
9.42308e-01
7.08023e-01
9.39210e-01
9.70472e-01
8.16840e-01
8.28947e-01
8.95204e-01
9.31923e-01
8.93158e-01
8.05183e-01
8.52302e-01
9.47415e-01
9.26673e-01
7.84729e-01
9.41341e-01
9.42348e-01
8.18421e-01
9.02790e-01
9.36396e-01
9.16519e-01
9.30890e-01
9.17078e-01
9.77183e-01
9.60245e-01
9.20327e-01
9.88154e-01
9.69022e-01
8.69406e-01
9.49105e-01
8.72727e-01
9.67381e-01
8.89860e-01
9.48207e-01
8.91650e-01
8.02217e-01
8.81072e-01
8.69844e-01
9.46015e-01
8.79218e-01
8.64121e-01
9.34608e-01
6.08051e-01
9.65377e-01
9.63761e-01
9.74672e-01
9.12142e-01
9.55446e-01
9.13777e-01
9.44500e-01
8.94737e-01
9.69458e-01
9.37918e-01
9.42663e-01
8.99571e-01
8.35951e-01
8.00000e-01
8.94366e-01
9.27509e-01
7.32723e-01
9.61702e-01
9.05244e-01
9.52128e-01
8.86847e-01
9.02750e-01
9.12455e-01
9.24799e-01
9.12340e-01
9.24922e-01
8.60421e-01
6.57337e-01
9.49268e-01
8.85154e-01
8.62522e-01
9.56905e-01
9.06872e-01
9.12587e-01
9.09722e-01
9.61501e-01
8.20320e-01
8.81139e-01
9.61094e-01
5.76923e-01
9.69124e-01
8.68526e-01
9.32515e-01
9.21604e-01
9.67864e-01
9.71790e-01
7.11249e-01
6.31849e-01
8.23049e-01
9.41061e-01
8.97510e-01
9.71429e-01
9.03939e-01
9.29537e-01
8.91837e-01
9.60870e-01
9.59366e-01
9.59770e-01
7.51244e-01
9.29565e-01
9.36492e-01
9.26901e-01
7.78559e-01
7.88512e-01
9.82727e-01
7.54445e-01
9.06277e-01
9.38776e-01
7.50441e-01
9.61504e-01
9.61538e-01
8.77387e-01
8.25880e-01
9.53195e-01
7.18285e-01
8.99719e-01
9.48912e-01
8.78731e-01
9.70501e-01
9.76096e-01
9.62422e-01
8.92278e-01
9.27562e-01
9.63294e-01
9.31138e-01
9.68116e-01
9.66887e-01
9.78079e-01
9.28144e-01
8.90255e-01
8.74119e-01
9.42991e-01
9.64620e-01
9.61194e-01
9.57427e-01
9.27105e-01
9.12362e-01
8.46797e-01
7.02791e-01
6.38565e-01
6.66928e-01
9.48691e-01
8.22852e-01
9.64135e-01
9.65035e-01
8.72697e-01
9.04954e-01
9.61155e-01
9.35577e-01
6.21434e-01
9.29469e-01
8.87586e-01
9.58487e-01
9.42883e-01
9.76337e-01
9.67520e-01
9.23404e-01
8.36192e-01
9.74910e-01
8.41430e-01
9.26614e-01
8.19714e-01
9.48932e-01
8.39658e-01
9.48842e-01
9.44865e-01
9.28116e-01
8.14236e-01
9.45507e-01
8.89680e-01
9.13969e-01
9.49564e-01
9.28333e-01
9.48104e-01
9.75046e-01
9.64642e-01
9.57565e-01
9.54291e-01
8.01352e-01
9.32844e-01
6.42276e-01
9.00299e-01
9.73635e-01
8.39237e-01
9.28713e-01
9.45736e-01
9.42096e-01
9.03357e-01
9.18895e-01
9.37259e-01
9.35545e-01
9.63138e-01
8.91466e-01
9.44251e-01
9.55224e-01
9.57169e-01
9.51681e-01
7.66370e-01
8.62602e-01
9.54128e-01
9.33333e-01
9.61433e-01
9.48718e-01
9.11985e-01
7.38182e-01
9.86775e-01
9.09821e-01
7.03180e-01
9.31756e-01
9.49654e-01
9.68750e-01
9.23368e-01
9.48353e-01
9.89044e-01
9.15799e-01
8.36184e-01
8.73606e-01
7.30735e-01
8.88990e-01
9.54717e-01
7.89720e-01
9.42886e-01
9.44549e-01
9.30672e-01
9.32397e-01
9.64319e-01
9.21499e-01
9.30928e-01
9.85809e-01
9.57810e-01
7.47639e-01
7.46949e-01
9.80019e-01
9.39713e-01
9.58891e-01
8.85900e-01
9.50375e-01
8.74757e-01
9.50836e-01
9.64738e-01
9.28166e-01
9.90186e-01
9.54545e-01
9.49900e-01
9.67968e-01
8.02326e-01
7.61675e-01
7.21519e-01
8.85768e-01
9.64419e-01
7.36984e-01
8.91325e-01
7.83239e-01
9.23152e-01
7.39209e-01
8.80032e-01
9.64049e-01
9.33868e-01
9.26206e-01
9.28705e-01
8.17083e-01
9.15870e-01
9.59163e-01
9.44332e-01
8.70578e-01
9.49380e-01
8.85797e-01
9.65164e-01
6.84164e-01
9.41721e-01
7.88411e-01
9.81668e-01
7.18702e-01
9.33586e-01
9.64695e-01
8.88779e-01
9.52202e-01
9.83527e-01
9.28709e-01
9.68187e-01
9.48413e-01
8.91892e-01
9.08730e-01
9.44609e-01
8.11864e-01
9.45010e-01
9.09639e-01
8.19064e-01
9.41784e-01
9.69697e-01
9.05464e-01
8.41328e-01
8.11958e-01
9.12831e-01
9.11843e-01
8.25571e-01
7.48533e-01
9.13989e-01
7.58961e-01
9.44963e-01
9.62513e-01
9.16418e-01
8.46222e-01
8.81679e-01
8.08179e-01
9.38283e-01
8.76909e-01
9.42598e-01
9.01745e-01
9.39539e-01
8.77402e-01
9.23492e-01
9.48004e-01
9.34701e-01
8.95442e-01
8.96585e-01
9.25993e-01
7.96777e-01
8.21145e-01
8.89189e-01
8.79121e-01
8.80911e-01
7.90353e-01
9.29228e-01
8.13528e-01
8.38624e-01
9.80373e-01
9.03164e-01
8.98678e-01
8.91008e-01
9.05204e-01
8.48329e-01
8.79925e-01
8.96007e-01
9.26707e-01
9.19024e-01
8.49558e-01
8.75211e-01
7.77228e-01
9.04863e-01
8.92483e-01
8.22034e-01
8.83178e-01
8.30493e-01
8.91242e-01
6.36219e-01
9.30027e-01
8.68347e-01
9.05534e-01
9.59471e-01
8.74510e-01
9.66754e-01
9.34862e-01
8.86865e-01
7.00084e-01
7.71615e-01
8.01095e-01
8.86385e-01
9.67164e-01
8.96282e-01
8.21596e-01
8.76414e-01
9.38356e-01
8.11101e-01
9.19427e-01
8.85531e-01
9.25962e-01
8.83721e-01
8.00171e-01
8.43263e-01
9.82162e-01
8.52810e-01
8.94086e-01
8.84135e-01
9.42740e-01
9.34334e-01
8.92793e-01
8.62953e-01
8.76618e-01
9.42346e-01
8.91818e-01
9.17808e-01
9.27962e-01
8.98836e-01
8.43318e-01
8.91794e-01
9.27419e-01
9.40937e-01
8.33017e-01
8.89917e-01
8.57012e-01
8.72574e-01
9.29893e-01
9.03080e-01
8.43915e-01
8.95050e-01
9.12523e-01
8.59309e-01
7.41749e-01
8.99029e-01
9.27992e-01
8.91938e-01
8.82353e-01
8.30565e-01
9.18675e-01
8.86040e-01
8.66853e-01
9.62999e-01
8.25771e-01
9.01729e-01
9.45921e-01
9.27451e-01
8.20771e-01
7.67660e-01
8.87652e-01
8.23993e-01
8.42773e-01
8.98401e-01
8.95370e-01
8.46782e-01
8.11982e-01
8.80193e-01
8.97179e-01
8.92793e-01
9.03955e-01
8.16362e-01
8.77402e-01
8.76843e-01
8.94213e-01
7.70035e-01
8.51190e-01
8.84409e-01
9.28780e-01
8.91986e-01
8.76838e-01
8.97530e-01
9.03164e-01
9.05419e-01
9.18944e-01
8.59445e-01
8.44168e-01
7.99641e-01
9.45652e-01
9.47418e-01
7.12159e-01
9.22275e-01
9.19499e-01
9.69756e-01
8.96907e-01
8.57724e-01
8.75940e-01
7.67932e-01
7.19771e-01
9.39726e-01
9.15085e-01
9.07188e-01
8.99152e-01
9.75442e-01
9.22691e-01
9.21875e-01
8.83858e-01
8.84504e-01
9.14798e-01
8.91674e-01
9.01554e-01
8.77907e-01
8.03044e-01
9.16813e-01
9.55208e-01
9.13208e-01
8.79061e-01
9.87427e-01
8.99293e-01
8.57794e-01
9.59308e-01
8.81015e-01
9.08213e-01
8.34774e-01
8.81489e-01
8.45946e-01
9.11111e-01
9.14826e-01
8.91439e-01
7.66363e-01
9.07424e-01
9.23077e-01
8.90788e-01
8.74659e-01
9.70817e-01
8.89083e-01
9.12840e-01
8.61630e-01
9.26712e-01
8.81266e-01
8.80886e-01
8.43103e-01
8.96235e-01
9.04627e-01
8.60153e-01
9.16974e-01
8.99065e-01
8.46614e-01
9.66990e-01
8.42505e-01
9.66926e-01
8.00329e-01
8.36414e-01
8.44156e-01
8.97390e-01
8.15227e-01
8.69223e-01
8.72762e-01
9.06814e-01
9.22516e-01
9.59016e-01
8.48191e-01
8.71166e-01
9.27626e-01
8.47670e-01
8.82576e-01
8.89535e-01
7.96512e-01
9.21212e-01
8.48305e-01
8.36096e-01
9.19017e-01
8.80539e-01
9.56726e-01
9.25926e-01
8.80570e-01
7.30544e-01
7.95793e-01
8.54969e-01
9.13364e-01
8.65672e-01
8.64391e-01
7.80183e-01
9.21393e-01
8.96880e-01
9.02622e-01
8.39205e-01
9.04440e-01
9.19820e-01
9.21903e-01
9.07735e-01
8.60094e-01
9.80730e-01
9.36464e-01
8.73616e-01
9.28504e-01
8.72549e-01
8.47567e-01
8.95467e-01
8.49550e-01
8.86608e-01
9.51941e-01
9.02903e-01
9.51819e-01
8.89447e-01
9.12664e-01
8.52336e-01
8.75334e-01
8.88579e-01
9.65265e-01
8.56464e-01
9.36929e-01
8.56506e-01
9.56204e-01
8.34897e-01
9.34211e-01
9.08582e-01
9.01077e-01
8.82671e-01
8.04815e-01
8.42845e-01
7.38173e-01
8.82927e-01
9.31153e-01
9.17572e-01
9.08113e-01
6.27210e-01
8.17453e-01
7.77502e-01
8.61653e-01
9.35333e-01
8.98507e-01
8.30222e-01
9.52425e-01
8.25661e-01
6.46117e-01
8.36279e-01
8.81404e-01
9.11885e-01
9.23351e-01
9.09944e-01
9.18332e-01
9.36946e-01
8.81197e-01
8.22070e-01
8.62873e-01
8.42498e-01
8.03344e-01
9.79310e-01
8.13600e-01
9.80392e-01
9.04806e-01
9.81888e-01
8.99038e-01
8.92927e-01
7.68061e-01
8.43080e-01
8.39864e-01
9.05075e-01
8.56892e-01
8.36158e-01
8.77645e-01
8.37229e-01
9.03196e-01
7.73632e-01
8.38974e-01
9.49564e-01
9.68254e-01
9.63955e-01
8.73917e-01
9.16505e-01
7.36752e-01
8.64991e-01
7.81302e-01
8.86986e-01
9.15225e-01
9.38492e-01
8.49820e-01
8.83871e-01
9.26987e-01
8.75740e-01
7.40113e-01
9.55490e-01
8.45121e-01
9.14676e-01
9.13591e-01
8.94434e-01
9.03614e-01
8.84758e-01
8.43504e-01
8.70911e-01
7.63180e-01
8.85542e-01
9.04624e-01
9.76744e-01
9.01198e-01
8.83424e-01
9.35391e-01
8.37500e-01
8.87511e-01
8.52670e-01
9.04584e-01
8.51852e-01
8.95098e-01
9.36248e-01
9.03365e-01
8.72319e-01
8.14885e-01
8.45884e-01
8.53417e-01
9.69925e-01
9.11178e-01
8.91725e-01
8.83268e-01
8.47826e-01
8.87993e-01
9.11453e-01
8.30088e-01
8.74891e-01
7.25664e-01
9.00356e-01
8.62989e-01
8.83657e-01
7.91328e-01
8.61111e-01
9.27074e-01
9.06604e-01
8.47706e-01
8.60526e-01
7.48079e-01
7.76280e-01
8.62940e-01
9.57295e-01
9.43873e-01
9.71098e-01
8.47688e-01
8.75346e-01
8.02039e-01
7.58562e-01
8.55140e-01
8.67871e-01
9.08531e-01
8.53464e-01
7.48895e-01
8.69442e-01
8.44178e-01
8.62201e-01
9.25859e-01
9.19488e-01
8.61261e-01
8.86878e-01
9.54797e-01
8.93676e-01
8.77907e-01
9.42308e-01
7.42301e-01
8.44828e-01
9.31683e-01
7.91005e-01
9.03648e-01
8.31801e-01
8.45618e-01
9.18773e-01
8.67249e-01
9.49674e-01
8.87430e-01
8.03653e-01
9.15684e-01
9.65941e-01
8.86268e-01
9.27856e-01
9.30647e-01
8.74753e-01
9.15358e-01
9.17331e-01
9.52703e-01
8.77778e-01
9.34277e-01
8.29102e-01
9.09774e-01
8.99441e-01
6.75497e-01
8.53982e-01
9.57667e-01
8.85615e-01
9.27970e-01
7.90932e-01
8.89093e-01
7.16523e-01
7.86360e-01
7.60234e-01
8.61538e-01
8.87783e-01
9.16353e-01
8.72776e-01
8.16123e-01
9.11739e-01
8.85455e-01
9.47318e-01
9.31197e-01
9.19858e-01
8.35911e-01
8.88060e-01
8.42209e-01
8.61611e-01
9.21317e-01
8.41506e-01
8.60656e-01
8.88489e-01
9.21627e-01
6.51198e-01
7.35941e-01
8.71634e-01
8.23626e-01
8.42512e-01
9.00000e-01
9.24682e-01
8.84470e-01
9.28305e-01
9.19091e-01
9.72381e-01
8.11553e-01
8.93076e-01
9.75775e-01
9.01515e-01
8.67810e-01
7.87053e-01
7.87793e-01
9.17658e-01
8.94323e-01
8.63595e-01
9.21992e-01
9.39791e-01
