  9.2600000e+02	  5.8215000e+01	  5.1000000e+01
  9.2700000e+02	  6.0134998e+01	  5.1000000e+01
  9.2800000e+02	  6.2055000e+01	  5.1000000e+01
  9.2900000e+02	  6.3974998e+01	  5.1000000e+01
  9.3000000e+02	  6.5894997e+01	  5.1000000e+01
  9.3100000e+02	  6.7815002e+01	  5.1000000e+01
  9.3200000e+02	  6.9735001e+01	  5.1000000e+01
  9.3300000e+02	  7.1654999e+01	  5.1000000e+01
  9.3400000e+02	  7.3574997e+01	  5.1000000e+01
  9.3500000e+02	  7.5494995e+01	  5.1000000e+01
  9.3600000e+02	  7.7415001e+01	  5.1000000e+01
  9.3700000e+02	  7.9334999e+01	  5.1000000e+01
  9.3800000e+02	  8.1254997e+01	  5.1000000e+01
  9.3900000e+02	  8.3175003e+01	  5.1000000e+01
  9.4000000e+02	  8.5095001e+01	  5.1000000e+01
  9.4100000e+02	  8.7014999e+01	  5.1000000e+01
  9.4200000e+02	  8.8935005e+01	  5.1000000e+01
  9.4300000e+02	  9.0855003e+01	  5.1000000e+01
  9.4400000e+02	  9.2775002e+01	  5.1000000e+01
  9.4500000e+02	  9.4695000e+01	  5.1000000e+01
  9.4600000e+02	  9.6614998e+01	  5.1000000e+01
  9.4700000e+02	  9.8534996e+01	  5.1000000e+01
  9.4800000e+02	  1.0045499e+02	  5.1000000e+01
  9.4900000e+02	  1.0237500e+02	  5.1000000e+01
  9.5000000e+02	  1.0429500e+02	  5.1000000e+01
  9.5100000e+02	  1.0621500e+02	  5.1000000e+01
  9.5200000e+02	  1.0813500e+02	  5.1000000e+01
  9.5300000e+02	  1.1005500e+02	  5.1000000e+01
  9.5400000e+02	  1.1197500e+02	  5.1000000e+01
  9.5500000e+02	  1.1389500e+02	  5.1000000e+01
  9.5600000e+02	  1.1581500e+02	  5.1000000e+01
  9.5700000e+02	  1.1773500e+02	  5.1000000e+01
  9.5800000e+02	  1.1965500e+02	  5.1000000e+01
  9.5900000e+02	  1.2157500e+02	  5.1000000e+01
  9.6000000e+02	  1.2349500e+02	  5.1000000e+01
  9.6100000e+02	  1.2541500e+02	  5.1000000e+01
  9.6200000e+02	  1.2733500e+02	  5.1000000e+01
  9.6300000e+02	  5.8226082e+01	  5.3000000e+01
  9.6400000e+02	  6.0148243e+01	  5.3000000e+01
  9.6500000e+02	  6.2070404e+01	  5.3000000e+01
  9.6600000e+02	  6.3992569e+01	  5.3000000e+01
  9.6700000e+02	  6.5914726e+01	  5.3000000e+01
  9.6800000e+02	  6.7836891e+01	  5.3000000e+01
  9.6900000e+02	  6.9759056e+01	  5.3000000e+01
  9.7000000e+02	  7.1681213e+01	  5.3000000e+01
  9.7100000e+02	  7.3603378e+01	  5.3000000e+01
  9.7200000e+02	  7.5525543e+01	  5.3000000e+01
  9.7300000e+02	  7.7447701e+01	  5.3000000e+01
  9.7400000e+02	  7.9369865e+01	  5.3000000e+01
  9.7500000e+02	  8.1292030e+01	  5.3000000e+01
  9.7600000e+02	  8.3214188e+01	  5.3000000e+01
  9.7700000e+02	  8.5136353e+01	  5.3000000e+01
  9.7800000e+02	  8.7058517e+01	  5.3000000e+01
  9.7900000e+02	  8.8980675e+01	  5.3000000e+01
  9.8000000e+02	  9.0902840e+01	  5.3000000e+01
  9.8100000e+02	  9.2825005e+01	  5.3000000e+01
  9.8200000e+02	  9.4747162e+01	  5.3000000e+01
  9.8300000e+02	  9.6669327e+01	  5.3000000e+01
  9.8400000e+02	  9.8591484e+01	  5.3000000e+01
  9.8500000e+02	  1.0051365e+02	  5.3000000e+01
  9.8600000e+02	  1.0243581e+02	  5.3000000e+01
  9.8700000e+02	  1.0435797e+02	  5.3000000e+01
  9.8800000e+02	  1.0628014e+02	  5.3000000e+01
  9.8900000e+02	  1.0820230e+02	  5.3000000e+01
  9.9000000e+02	  1.1012446e+02	  5.3000000e+01
  9.9100000e+02	  1.1204662e+02	  5.3000000e+01
  9.9200000e+02	  1.1396878e+02	  5.3000000e+01
  9.9300000e+02	  1.1589095e+02	  5.3000000e+01
  9.9400000e+02	  1.1781311e+02	  5.3000000e+01
  9.9500000e+02	  1.1973528e+02	  5.3000000e+01
  9.9600000e+02	  1.2165743e+02	  5.3000000e+01
  9.9700000e+02	  1.2357960e+02	  5.3000000e+01
  9.9800000e+02	  1.2550175e+02	  5.3000000e+01
  9.9900000e+02	  1.2742392e+02	  5.3000000e+01
  1.0000000e+03	  5.8237164e+01	  5.5000000e+01
  1.0010000e+03	  6.0161488e+01	  5.5000000e+01
  1.0020000e+03	  6.2085812e+01	  5.5000000e+01
  1.0030000e+03	  6.4010132e+01	  5.5000000e+01
  1.0040000e+03	  6.5934456e+01	  5.5000000e+01
  1.0050000e+03	  6.7858788e+01	  5.5000000e+01
  1.0060000e+03	  6.9783112e+01	  5.5000000e+01
  1.0070000e+03	  7.1707436e+01	  5.5000000e+01
  1.0080000e+03	  7.3631752e+01	  5.5000000e+01
  1.0090000e+03	  7.5556084e+01	  5.5000000e+01
  1.0100000e+03	  7.7480408e+01	  5.5000000e+01
  1.0110000e+03	  7.9404732e+01	  5.5000000e+01
  1.0120000e+03	  8.1329056e+01	  5.5000000e+01
  1.0130000e+03	  8.3253380e+01	  5.5000000e+01
  1.0140000e+03	  8.5177704e+01	  5.5000000e+01
  1.0150000e+03	  8.7102028e+01	  5.5000000e+01
  1.0160000e+03	  8.9026352e+01	  5.5000000e+01
  1.0170000e+03	  9.0950676e+01	  5.5000000e+01
  1.0180000e+03	  9.2875000e+01	  5.5000000e+01
  1.0190000e+03	  9.4799324e+01	  5.5000000e+01
  1.0200000e+03	  9.6723648e+01	  5.5000000e+01
  1.0210000e+03	  9.8647972e+01	  5.5000000e+01
  1.0220000e+03	  1.0057230e+02	  5.5000000e+01
  1.0230000e+03	  1.0249662e+02	  5.5000000e+01
  1.0240000e+03	  1.0442094e+02	  5.5000000e+01
  1.0250000e+03	  1.0634527e+02	  5.5000000e+01
  1.0260000e+03	  1.0826959e+02	  5.5000000e+01
  1.0270000e+03	  1.1019392e+02	  5.5000000e+01
  1.0280000e+03	  1.1211824e+02	  5.5000000e+01
  1.0290000e+03	  1.1404256e+02	  5.5000000e+01
  1.0300000e+03	  1.1596689e+02	  5.5000000e+01
  1.0310000e+03	  1.1789121e+02	  5.5000000e+01
  1.0320000e+03	  1.1981554e+02	  5.5000000e+01
  1.0330000e+03	  1.2173987e+02	  5.5000000e+01
  1.0340000e+03	  1.2366418e+02	  5.5000000e+01
  1.0350000e+03	  1.2558852e+02	  5.5000000e+01
  1.0360000e+03	  1.2751284e+02	  5.5000000e+01
  1.0370000e+03	  5.8248241e+01	  5.7000000e+01
  1.0380000e+03	  6.0174728e+01	  5.7000000e+01
  1.0390000e+03	  6.2101215e+01	  5.7000000e+01
  1.0400000e+03	  6.4027702e+01	  5.7000000e+01
  1.0410000e+03	  6.5954185e+01	  5.7000000e+01
  1.0420000e+03	  6.7880676e+01	  5.7000000e+01
  1.0430000e+03	  6.9807159e+01	  5.7000000e+01
  1.0440000e+03	  7.1733650e+01	  5.7000000e+01
  1.0450000e+03	  7.3660133e+01	  5.7000000e+01
  1.0460000e+03	  7.5586624e+01	  5.7000000e+01
  1.0470000e+03	  7.7513107e+01	  5.7000000e+01
  1.0480000e+03	  7.9439598e+01	  5.7000000e+01
  1.0490000e+03	  8.1366081e+01	  5.7000000e+01
  1.0500000e+03	  8.3292564e+01	  5.7000000e+01
  1.0510000e+03	  8.5219055e+01	  5.7000000e+01
  1.0520000e+03	  8.7145538e+01	  5.7000000e+01
  1.0530000e+03	  8.9072029e+01	  5.7000000e+01
  1.0540000e+03	  9.0998512e+01	  5.7000000e+01
  1.0550000e+03	  9.2924995e+01	  5.7000000e+01
  1.0560000e+03	  9.4851486e+01	  5.7000000e+01
  1.0570000e+03	  9.6777977e+01	  5.7000000e+01
  1.0580000e+03	  9.8704460e+01	  5.7000000e+01
  1.0590000e+03	  1.0063094e+02	  5.7000000e+01
  1.0600000e+03	  1.0255743e+02	  5.7000000e+01
  1.0610000e+03	  1.0448392e+02	  5.7000000e+01
  1.0620000e+03	  1.0641041e+02	  5.7000000e+01
  1.0630000e+03	  1.0833689e+02	  5.7000000e+01
  1.0640000e+03	  1.1026338e+02	  5.7000000e+01
  1.0650000e+03	  1.1218987e+02	  5.7000000e+01
  1.0660000e+03	  1.1411635e+02	  5.7000000e+01
  1.0670000e+03	  1.1604284e+02	  5.7000000e+01
  1.0680000e+03	  1.1796932e+02	  5.7000000e+01
  1.0690000e+03	  1.1989581e+02	  5.7000000e+01
  1.0700000e+03	  1.2182230e+02	  5.7000000e+01
  1.0710000e+03	  1.2374879e+02	  5.7000000e+01
  1.0720000e+03	  1.2567527e+02	  5.7000000e+01
  1.0730000e+03	  1.2760176e+02	  5.7000000e+01
  1.0740000e+03	  5.8259323e+01	  5.9000000e+01
  1.0750000e+03	  6.0187973e+01	  5.9000000e+01
  1.0760000e+03	  6.2116623e+01	  5.9000000e+01
  1.0770000e+03	  6.4045273e+01	  5.9000000e+01
  1.0780000e+03	  6.5973915e+01	  5.9000000e+01
  1.0790000e+03	  6.7902565e+01	  5.9000000e+01
  1.0800000e+03	  6.9831215e+01	  5.9000000e+01
  1.0810000e+03	  7.1759865e+01	  5.9000000e+01
  1.0820000e+03	  7.3688515e+01	  5.9000000e+01
  1.0830000e+03	  7.5617165e+01	  5.9000000e+01
  1.0840000e+03	  7.7545807e+01	  5.9000000e+01
  1.0850000e+03	  7.9474457e+01	  5.9000000e+01
  1.0860000e+03	  8.1403107e+01	  5.9000000e+01
  1.0870000e+03	  8.3331757e+01	  5.9000000e+01
  1.0880000e+03	  8.5260406e+01	  5.9000000e+01
  1.0890000e+03	  8.7189056e+01	  5.9000000e+01
  1.0900000e+03	  8.9117699e+01	  5.9000000e+01
  1.0910000e+03	  9.1046349e+01	  5.9000000e+01
  1.0920000e+03	  9.2974998e+01	  5.9000000e+01
  1.0930000e+03	  9.4903648e+01	  5.9000000e+01
  1.0940000e+03	  9.6832298e+01	  5.9000000e+01
  1.0950000e+03	  9.8760948e+01	  5.9000000e+01
  1.0960000e+03	  1.0068959e+02	  5.9000000e+01
  1.0970000e+03	  1.0261824e+02	  5.9000000e+01
  1.0980000e+03	  1.0454689e+02	  5.9000000e+01
  1.0990000e+03	  1.0647554e+02	  5.9000000e+01
  1.1000000e+03	  1.0840419e+02	  5.9000000e+01
  1.1010000e+03	  1.1033284e+02	  5.9000000e+01
  1.1020000e+03	  1.1226149e+02	  5.9000000e+01
  1.1030000e+03	  1.1419014e+02	  5.9000000e+01
  1.1040000e+03	  1.1611878e+02	  5.9000000e+01
  1.1050000e+03	  1.1804743e+02	  5.9000000e+01
  1.1060000e+03	  1.1997608e+02	  5.9000000e+01
  1.1070000e+03	  1.2190473e+02	  5.9000000e+01
  1.1080000e+03	  1.2383338e+02	  5.9000000e+01
  1.1090000e+03	  1.2576203e+02	  5.9000000e+01
  1.1100000e+03	  1.2769067e+02	  5.9000000e+01
  1.1110000e+03	  5.8270405e+01	  6.1000000e+01
  1.1120000e+03	  6.0201218e+01	  6.1000000e+01
  1.1130000e+03	  6.2132027e+01	  6.1000000e+01
  1.1140000e+03	  6.4062836e+01	  6.1000000e+01
  1.1150000e+03	  6.5993645e+01	  6.1000000e+01
  1.1160000e+03	  6.7924461e+01	  6.1000000e+01
  1.1170000e+03	  6.9855270e+01	  6.1000000e+01
  1.1180000e+03	  7.1786079e+01	  6.1000000e+01
  1.1190000e+03	  7.3716888e+01	  6.1000000e+01
  1.1200000e+03	  7.5647705e+01	  6.1000000e+01
  1.1210000e+03	  7.7578514e+01	  6.1000000e+01
  1.1220000e+03	  7.9509323e+01	  6.1000000e+01
  1.1230000e+03	  8.1440140e+01	  6.1000000e+01
  1.1240000e+03	  8.3370949e+01	  6.1000000e+01
  1.1250000e+03	  8.5301758e+01	  6.1000000e+01
  1.1260000e+03	  8.7232567e+01	  6.1000000e+01
  1.1270000e+03	  8.9163376e+01	  6.1000000e+01
  1.1280000e+03	  9.1094185e+01	  6.1000000e+01
  1.1290000e+03	  9.3025002e+01	  6.1000000e+01
  1.1300000e+03	  9.4955811e+01	  6.1000000e+01
  1.1310000e+03	  9.6886620e+01	  6.1000000e+01
  1.1320000e+03	  9.8817429e+01	  6.1000000e+01
  1.1330000e+03	  1.0074825e+02	  6.1000000e+01
  1.1340000e+03	  1.0267905e+02	  6.1000000e+01
  1.1350000e+03	  1.0460986e+02	  6.1000000e+01
  1.1360000e+03	  1.0654068e+02	  6.1000000e+01
  1.1370000e+03	  1.0847149e+02	  6.1000000e+01
  1.1380000e+03	  1.1040230e+02	  6.1000000e+01
  1.1390000e+03	  1.1233311e+02	  6.1000000e+01
  1.1400000e+03	  1.1426392e+02	  6.1000000e+01
  1.1410000e+03	  1.1619473e+02	  6.1000000e+01
  1.1420000e+03	  1.1812554e+02	  6.1000000e+01
  1.1430000e+03	  1.2005635e+02	  6.1000000e+01
  1.1440000e+03	  1.2198716e+02	  6.1000000e+01
  1.1450000e+03	  1.2391797e+02	  6.1000000e+01
  1.1460000e+03	  1.2584879e+02	  6.1000000e+01
  1.1470000e+03	  1.2777959e+02	  6.1000000e+01
  1.1480000e+03	  5.8281487e+01	  6.3000000e+01
  1.1490000e+03	  6.0214458e+01	  6.3000000e+01
  1.1500000e+03	  6.2147430e+01	  6.3000000e+01
  1.1510000e+03	  6.4080406e+01	  6.3000000e+01
  1.1520000e+03	  6.6013374e+01	  6.3000000e+01
  1.1530000e+03	  6.7946350e+01	  6.3000000e+01
  1.1540000e+03	  6.9879326e+01	  6.3000000e+01
  1.1550000e+03	  7.1812294e+01	  6.3000000e+01
  1.1560000e+03	  7.3745270e+01	  6.3000000e+01
  1.1570000e+03	  7.5678246e+01	  6.3000000e+01
  1.1580000e+03	  7.7611221e+01	  6.3000000e+01
  1.1590000e+03	  7.9544189e+01	  6.3000000e+01
  1.1600000e+03	  8.1477165e+01	  6.3000000e+01
  1.1610000e+03	  8.3410133e+01	  6.3000000e+01
  1.1620000e+03	  8.5343109e+01	  6.3000000e+01
  1.1630000e+03	  8.7276077e+01	  6.3000000e+01
  1.1640000e+03	  8.9209053e+01	  6.3000000e+01
  1.1650000e+03	  9.1142029e+01	  6.3000000e+01
  1.1660000e+03	  9.3074997e+01	  6.3000000e+01
  1.1670000e+03	  9.5007973e+01	  6.3000000e+01
  1.1680000e+03	  9.6940948e+01	  6.3000000e+01
  1.1690000e+03	  9.8873917e+01	  6.3000000e+01
  1.1700000e+03	  1.0080689e+02	  6.3000000e+01
  1.1710000e+03	  1.0273987e+02	  6.3000000e+01
  1.1720000e+03	  1.0467284e+02	  6.3000000e+01
  1.1730000e+03	  1.0660581e+02	  6.3000000e+01
  1.1740000e+03	  1.0853879e+02	  6.3000000e+01
  1.1750000e+03	  1.1047176e+02	  6.3000000e+01
  1.1760000e+03	  1.1240473e+02	  6.3000000e+01
  1.1770000e+03	  1.1433770e+02	  6.3000000e+01
  1.1780000e+03	  1.1627068e+02	  6.3000000e+01
  1.1790000e+03	  1.1820365e+02	  6.3000000e+01
  1.1800000e+03	  1.2013662e+02	  6.3000000e+01
  1.1810000e+03	  1.2206960e+02	  6.3000000e+01
  1.1820000e+03	  1.2400256e+02	  6.3000000e+01
  1.1830000e+03	  1.2593554e+02	  6.3000000e+01
  1.1840000e+03	  1.2786852e+02	  6.3000000e+01
  1.1850000e+03	  5.8292568e+01	  6.5000000e+01
  1.1860000e+03	  6.0227703e+01	  6.5000000e+01
  1.1870000e+03	  6.2162838e+01	  6.5000000e+01
  1.1880000e+03	  6.4097977e+01	  6.5000000e+01
  1.1890000e+03	  6.6033104e+01	  6.5000000e+01
  1.1900000e+03	  6.7968239e+01	  6.5000000e+01
  1.1910000e+03	  6.9903374e+01	  6.5000000e+01
  1.1920000e+03	  7.1838516e+01	  6.5000000e+01
  1.1930000e+03	  7.3773651e+01	  6.5000000e+01
  1.1940000e+03	  7.5708786e+01	  6.5000000e+01
  1.1950000e+03	  7.7643921e+01	  6.5000000e+01
  1.1960000e+03	  7.9579056e+01	  6.5000000e+01
  1.1970000e+03	  8.1514191e+01	  6.5000000e+01
  1.1980000e+03	  8.3449326e+01	  6.5000000e+01
  1.1990000e+03	  8.5384460e+01	  6.5000000e+01
  1.2000000e+03	  8.7319595e+01	  6.5000000e+01
  1.2010000e+03	  8.9254730e+01	  6.5000000e+01
  1.2020000e+03	  9.1189865e+01	  6.5000000e+01
  1.2030000e+03	  9.3125000e+01	  6.5000000e+01
  1.2040000e+03	  9.5060135e+01	  6.5000000e+01
  1.2050000e+03	  9.6995270e+01	  6.5000000e+01
  1.2060000e+03	  9.8930405e+01	  6.5000000e+01
  1.2070000e+03	  1.0086554e+02	  6.5000000e+01
  1.2080000e+03	  1.0280067e+02	  6.5000000e+01
  1.2090000e+03	  1.0473581e+02	  6.5000000e+01
  1.2100000e+03	  1.0667094e+02	  6.5000000e+01
  1.2110000e+03	  1.0860608e+02	  6.5000000e+01
  1.2120000e+03	  1.1054121e+02	  6.5000000e+01
  1.2130000e+03	  1.1247635e+02	  6.5000000e+01
  1.2140000e+03	  1.1441148e+02	  6.5000000e+01
  1.2150000e+03	  1.1634662e+02	  6.5000000e+01
  1.2160000e+03	  1.1828175e+02	  6.5000000e+01
  1.2170000e+03	  1.2021690e+02	  6.5000000e+01
  1.2180000e+03	  1.2215203e+02	  6.5000000e+01
  1.2190000e+03	  1.2408716e+02	  6.5000000e+01
  1.2200000e+03	  1.2602230e+02	  6.5000000e+01
  1.2210000e+03	  1.2795744e+02	  6.5000000e+01
  1.2220000e+03	  5.8303650e+01	  6.7000000e+01
  1.2230000e+03	  6.0240944e+01	  6.7000000e+01
  1.2240000e+03	  6.2178242e+01	  6.7000000e+01
  1.2250000e+03	  6.4115540e+01	  6.7000000e+01
  1.2260000e+03	  6.6052841e+01	  6.7000000e+01
  1.2270000e+03	  6.7990135e+01	  6.7000000e+01
  1.2280000e+03	  6.9927429e+01	  6.7000000e+01
  1.2290000e+03	  7.1864731e+01	  6.7000000e+01
  1.2300000e+03	  7.3802025e+01	  6.7000000e+01
  1.2310000e+03	  7.5739326e+01	  6.7000000e+01
  1.2320000e+03	  7.7676620e+01	  6.7000000e+01
  1.2330000e+03	  7.9613922e+01	  6.7000000e+01
  1.2340000e+03	  8.1551216e+01	  6.7000000e+01
  1.2350000e+03	  8.3488510e+01	  6.7000000e+01
  1.2360000e+03	  8.5425812e+01	  6.7000000e+01
  1.2370000e+03	  8.7363106e+01	  6.7000000e+01
  1.2380000e+03	  8.9300407e+01	  6.7000000e+01
  1.2390000e+03	  9.1237701e+01	  6.7000000e+01
  1.2400000e+03	  9.3175003e+01	  6.7000000e+01
  1.2410000e+03	  9.5112297e+01	  6.7000000e+01
  1.2420000e+03	  9.7049591e+01	  6.7000000e+01
  1.2430000e+03	  9.8986893e+01	  6.7000000e+01
  1.2440000e+03	  1.0092419e+02	  6.7000000e+01
  1.2450000e+03	  1.0286149e+02	  6.7000000e+01
  1.2460000e+03	  1.0479878e+02	  6.7000000e+01
  1.2470000e+03	  1.0673608e+02	  6.7000000e+01
  1.2480000e+03	  1.0867338e+02	  6.7000000e+01
  1.2490000e+03	  1.1061067e+02	  6.7000000e+01
  1.2500000e+03	  1.1254797e+02	  6.7000000e+01
  1.2510000e+03	  1.1448527e+02	  6.7000000e+01
  1.2520000e+03	  1.1642257e+02	  6.7000000e+01
  1.2530000e+03	  1.1835986e+02	  6.7000000e+01
  1.2540000e+03	  1.2029716e+02	  6.7000000e+01
  1.2550000e+03	  1.2223446e+02	  6.7000000e+01
  1.2560000e+03	  1.2417176e+02	  6.7000000e+01
  1.2570000e+03	  1.2610905e+02	  6.7000000e+01
  1.2580000e+03	  1.2804636e+02	  6.7000000e+01
  1.2590000e+03	  5.8314728e+01	  6.9000000e+01
  1.2600000e+03	  6.0254189e+01	  6.9000000e+01
  1.2610000e+03	  6.2193649e+01	  6.9000000e+01
  1.2620000e+03	  6.4133110e+01	  6.9000000e+01
  1.2630000e+03	  6.6072571e+01	  6.9000000e+01
  1.2640000e+03	  6.8012024e+01	  6.9000000e+01
  1.2650000e+03	  6.9951485e+01	  6.9000000e+01
  1.2660000e+03	  7.1890945e+01	  6.9000000e+01
  1.2670000e+03	  7.3830406e+01	  6.9000000e+01
  1.2680000e+03	  7.5769867e+01	  6.9000000e+01
  1.2690000e+03	  7.7709320e+01	  6.9000000e+01
  1.2700000e+03	  7.9648788e+01	  6.9000000e+01
  1.2710000e+03	  8.1588242e+01	  6.9000000e+01
  1.2720000e+03	  8.3527702e+01	  6.9000000e+01
  1.2730000e+03	  8.5467163e+01	  6.9000000e+01
  1.2740000e+03	  8.7406624e+01	  6.9000000e+01
  1.2750000e+03	  8.9346085e+01	  6.9000000e+01
  1.2760000e+03	  9.1285545e+01	  6.9000000e+01
  1.2770000e+03	  9.3224998e+01	  6.9000000e+01
  1.2780000e+03	  9.5164459e+01	  6.9000000e+01
  1.2790000e+03	  9.7103920e+01	  6.9000000e+01
  1.2800000e+03	  9.9043381e+01	  6.9000000e+01
  1.2810000e+03	  1.0098283e+02	  6.9000000e+01
  1.2820000e+03	  1.0292229e+02	  6.9000000e+01
  1.2830000e+03	  1.0486176e+02	  6.9000000e+01
  1.2840000e+03	  1.0680122e+02	  6.9000000e+01
  1.2850000e+03	  1.0874068e+02	  6.9000000e+01
  1.2860000e+03	  1.1068014e+02	  6.9000000e+01
  1.2870000e+03	  1.1261960e+02	  6.9000000e+01
  1.2880000e+03	  1.1455905e+02	  6.9000000e+01
  1.2890000e+03	  1.1649851e+02	  6.9000000e+01
  1.2900000e+03	  1.1843797e+02	  6.9000000e+01
  1.2910000e+03	  1.2037743e+02	  6.9000000e+01
  1.2920000e+03	  1.2231689e+02	  6.9000000e+01
  1.2930000e+03	  1.2425636e+02	  6.9000000e+01
  1.2940000e+03	  1.2619581e+02	  6.9000000e+01
  1.2950000e+03	  1.2813527e+02	  6.9000000e+01
  1.2960000e+03	  5.8325809e+01	  7.1000000e+01
  1.2970000e+03	  6.0267433e+01	  7.1000000e+01
  1.2980000e+03	  6.2209053e+01	  7.1000000e+01
  1.2990000e+03	  6.4150673e+01	  7.1000000e+01
  1.3000000e+03	  6.6092300e+01	  7.1000000e+01
  1.3010000e+03	  6.8033920e+01	  7.1000000e+01
  1.3020000e+03	  6.9975540e+01	  7.1000000e+01
  1.3030000e+03	  7.1917160e+01	  7.1000000e+01
  1.3040000e+03	  7.3858780e+01	  7.1000000e+01
  1.3050000e+03	  7.5800407e+01	  7.1000000e+01
  1.3060000e+03	  7.7742027e+01	  7.1000000e+01
  1.3070000e+03	  7.9683647e+01	  7.1000000e+01
  1.3080000e+03	  8.1625275e+01	  7.1000000e+01
  1.3090000e+03	  8.3566895e+01	  7.1000000e+01
  1.3100000e+03	  8.5508514e+01	  7.1000000e+01
  1.3110000e+03	  8.7450134e+01	  7.1000000e+01
  1.3120000e+03	  8.9391754e+01	  7.1000000e+01
  1.3130000e+03	  9.1333382e+01	  7.1000000e+01
  1.3140000e+03	  9.3275002e+01	  7.1000000e+01
  1.3150000e+03	  9.5216621e+01	  7.1000000e+01
  1.3160000e+03	  9.7158241e+01	  7.1000000e+01
  1.3170000e+03	  9.9099861e+01	  7.1000000e+01
  1.3180000e+03	  1.0104149e+02	  7.1000000e+01
  1.3190000e+03	  1.0298311e+02	  7.1000000e+01
  1.3200000e+03	  1.0492473e+02	  7.1000000e+01
  1.3210000e+03	  1.0686635e+02	  7.1000000e+01
  1.3220000e+03	  1.0880798e+02	  7.1000000e+01
  1.3230000e+03	  1.1074960e+02	  7.1000000e+01
  1.3240000e+03	  1.1269122e+02	  7.1000000e+01
  1.3250000e+03	  1.1463284e+02	  7.1000000e+01
  1.3260000e+03	  1.1657446e+02	  7.1000000e+01
  1.3270000e+03	  1.1851608e+02	  7.1000000e+01
  1.3280000e+03	  1.2045770e+02	  7.1000000e+01
  1.3290000e+03	  1.2239932e+02	  7.1000000e+01
  1.3300000e+03	  1.2434094e+02	  7.1000000e+01
  1.3310000e+03	  1.2628256e+02	  7.1000000e+01
  1.3320000e+03	  1.2822418e+02	  7.1000000e+01
  1.3330000e+03	  5.8336891e+01	  7.3000000e+01
  1.3340000e+03	  6.0280678e+01	  7.3000000e+01
  1.3350000e+03	  6.2224461e+01	  7.3000000e+01
  1.3360000e+03	  6.4168243e+01	  7.3000000e+01
  1.3370000e+03	  6.6112030e+01	  7.3000000e+01
  1.3380000e+03	  6.8055809e+01	  7.3000000e+01
  1.3390000e+03	  6.9999596e+01	  7.3000000e+01
  1.3400000e+03	  7.1943375e+01	  7.3000000e+01
  1.3410000e+03	  7.3887161e+01	  7.3000000e+01
  1.3420000e+03	  7.5830948e+01	  7.3000000e+01
  1.3430000e+03	  7.7774727e+01	  7.3000000e+01
  1.3440000e+03	  7.9718513e+01	  7.3000000e+01
  1.3450000e+03	  8.1662300e+01	  7.3000000e+01
  1.3460000e+03	  8.3606079e+01	  7.3000000e+01
  1.3470000e+03	  8.5549866e+01	  7.3000000e+01
  1.3480000e+03	  8.7493652e+01	  7.3000000e+01
  1.3490000e+03	  8.9437431e+01	  7.3000000e+01
  1.3500000e+03	  9.1381218e+01	  7.3000000e+01
  1.3510000e+03	  9.3325005e+01	  7.3000000e+01
  1.3520000e+03	  9.5268784e+01	  7.3000000e+01
  1.3530000e+03	  9.7212563e+01	  7.3000000e+01
  1.3540000e+03	  9.9156349e+01	  7.3000000e+01
  1.3550000e+03	  1.0110014e+02	  7.3000000e+01
  1.3560000e+03	  1.0304392e+02	  7.3000000e+01
  1.3570000e+03	  1.0498770e+02	  7.3000000e+01
  1.3580000e+03	  1.0693149e+02	  7.3000000e+01
  1.3590000e+03	  1.0887527e+02	  7.3000000e+01
  1.3600000e+03	  1.1081905e+02	  7.3000000e+01
  1.3610000e+03	  1.1276284e+02	  7.3000000e+01
  1.3620000e+03	  1.1470662e+02	  7.3000000e+01
  1.3630000e+03	  1.1665041e+02	  7.3000000e+01
  1.3640000e+03	  1.1859419e+02	  7.3000000e+01
  1.3650000e+03	  1.2053797e+02	  7.3000000e+01
  1.3660000e+03	  1.2248176e+02	  7.3000000e+01
  1.3670000e+03	  1.2442554e+02	  7.3000000e+01
  1.3680000e+03	  1.2636932e+02	  7.3000000e+01
  1.3690000e+03	  1.2831311e+02	  7.3000000e+01
  1.3700000e+03	  5.8347973e+01	  7.5000000e+01
  1.3710000e+03	  6.0293919e+01	  7.5000000e+01
  1.3720000e+03	  6.2239864e+01	  7.5000000e+01
  1.3730000e+03	  6.4185814e+01	  7.5000000e+01
  1.3740000e+03	  6.6131752e+01	  7.5000000e+01
  1.3750000e+03	  6.8077705e+01	  7.5000000e+01
  1.3760000e+03	  7.0023651e+01	  7.5000000e+01
  1.3770000e+03	  7.1969597e+01	  7.5000000e+01
  1.3780000e+03	  7.3915543e+01	  7.5000000e+01
  1.3790000e+03	  7.5861488e+01	  7.5000000e+01
  1.3800000e+03	  7.7807434e+01	  7.5000000e+01
  1.3810000e+03	  7.9753380e+01	  7.5000000e+01
  1.3820000e+03	  8.1699326e+01	  7.5000000e+01
  1.3830000e+03	  8.3645271e+01	  7.5000000e+01
  1.3840000e+03	  8.5591217e+01	  7.5000000e+01
  1.3850000e+03	  8.7537163e+01	  7.5000000e+01
  1.3860000e+03	  8.9483109e+01	  7.5000000e+01
  1.3870000e+03	  9.1429054e+01	  7.5000000e+01
  1.3880000e+03	  9.3375000e+01	  7.5000000e+01
  1.3890000e+03	  9.5320946e+01	  7.5000000e+01
  1.3900000e+03	  9.7266891e+01	  7.5000000e+01
  1.3910000e+03	  9.9212837e+01	  7.5000000e+01
  1.3920000e+03	  1.0115878e+02	  7.5000000e+01
  1.3930000e+03	  1.0310473e+02	  7.5000000e+01
  1.3940000e+03	  1.0505067e+02	  7.5000000e+01
  1.3950000e+03	  1.0699662e+02	  7.5000000e+01
  1.3960000e+03	  1.0894257e+02	  7.5000000e+01
  1.3970000e+03	  1.1088851e+02	  7.5000000e+01
  1.3980000e+03	  1.1283446e+02	  7.5000000e+01
  1.3990000e+03	  1.1478040e+02	  7.5000000e+01
  1.4000000e+03	  1.1672635e+02	  7.5000000e+01
  1.4010000e+03	  1.1867230e+02	  7.5000000e+01
  1.4020000e+03	  1.2061824e+02	  7.5000000e+01
  1.4030000e+03	  1.2256419e+02	  7.5000000e+01
  1.4040000e+03	  1.2451013e+02	  7.5000000e+01
  1.4050000e+03	  1.2645609e+02	  7.5000000e+01
  1.4060000e+03	  1.2840202e+02	  7.5000000e+01
  1.4070000e+03	  5.8359055e+01	  7.7000000e+01
  1.4080000e+03	  6.0307163e+01	  7.7000000e+01
  1.4090000e+03	  6.2255272e+01	  7.7000000e+01
  1.4100000e+03	  6.4203377e+01	  7.7000000e+01
  1.4110000e+03	  6.6151489e+01	  7.7000000e+01
  1.4120000e+03	  6.8099594e+01	  7.7000000e+01
  1.4130000e+03	  7.0047699e+01	  7.7000000e+01
  1.4140000e+03	  7.1995811e+01	  7.7000000e+01
  1.4150000e+03	  7.3943916e+01	  7.7000000e+01
  1.4160000e+03	  7.5892029e+01	  7.7000000e+01
  1.4170000e+03	  7.7840134e+01	  7.7000000e+01
  1.4180000e+03	  7.9788239e+01	  7.7000000e+01
  1.4190000e+03	  8.1736351e+01	  7.7000000e+01
  1.4200000e+03	  8.3684464e+01	  7.7000000e+01
  1.4210000e+03	  8.5632568e+01	  7.7000000e+01
  1.4220000e+03	  8.7580673e+01	  7.7000000e+01
  1.4230000e+03	  8.9528786e+01	  7.7000000e+01
  1.4240000e+03	  9.1476891e+01	  7.7000000e+01
  1.4250000e+03	  9.3424995e+01	  7.7000000e+01
  1.4260000e+03	  9.5373108e+01	  7.7000000e+01
  1.4270000e+03	  9.7321220e+01	  7.7000000e+01
  1.4280000e+03	  9.9269325e+01	  7.7000000e+01
  1.4290000e+03	  1.0121743e+02	  7.7000000e+01
  1.4300000e+03	  1.0316554e+02	  7.7000000e+01
  1.4310000e+03	  1.0511365e+02	  7.7000000e+01
  1.4320000e+03	  1.0706175e+02	  7.7000000e+01
  1.4330000e+03	  1.0900986e+02	  7.7000000e+01
  1.4340000e+03	  1.1095798e+02	  7.7000000e+01
  1.4350000e+03	  1.1290608e+02	  7.7000000e+01
  1.4360000e+03	  1.1485419e+02	  7.7000000e+01
  1.4370000e+03	  1.1680230e+02	  7.7000000e+01
  1.4380000e+03	  1.1875040e+02	  7.7000000e+01
  1.4390000e+03	  1.2069851e+02	  7.7000000e+01
  1.4400000e+03	  1.2264662e+02	  7.7000000e+01
  1.4410000e+03	  1.2459473e+02	  7.7000000e+01
  1.4420000e+03	  1.2654284e+02	  7.7000000e+01
  1.4430000e+03	  1.2849095e+02	  7.7000000e+01
  1.4440000e+03	  5.8370136e+01	  7.9000000e+01
  1.4450000e+03	  6.0320408e+01	  7.9000000e+01
  1.4460000e+03	  6.2270676e+01	  7.9000000e+01
  1.4470000e+03	  6.4220947e+01	  7.9000000e+01
  1.4480000e+03	  6.6171219e+01	  7.9000000e+01
  1.4490000e+03	  6.8121483e+01	  7.9000000e+01
  1.4500000e+03	  7.0071754e+01	  7.9000000e+01
  1.4510000e+03	  7.2022026e+01	  7.9000000e+01
  1.4520000e+03	  7.3972298e+01	  7.9000000e+01
  1.4530000e+03	  7.5922569e+01	  7.9000000e+01
  1.4540000e+03	  7.7872841e+01	  7.9000000e+01
  1.4550000e+03	  7.9823112e+01	  7.9000000e+01
  1.4560000e+03	  8.1773376e+01	  7.9000000e+01
  1.4570000e+03	  8.3723648e+01	  7.9000000e+01
  1.4580000e+03	  8.5673920e+01	  7.9000000e+01
  1.4590000e+03	  8.7624191e+01	  7.9000000e+01
  1.4600000e+03	  8.9574463e+01	  7.9000000e+01
  1.4610000e+03	  9.1524727e+01	  7.9000000e+01
  1.4620000e+03	  9.3474998e+01	  7.9000000e+01
  1.4630000e+03	  9.5425270e+01	  7.9000000e+01
  1.4640000e+03	  9.7375542e+01	  7.9000000e+01
  1.4650000e+03	  9.9325813e+01	  7.9000000e+01
  1.4660000e+03	  1.0127608e+02	  7.9000000e+01
  1.4670000e+03	  1.0322635e+02	  7.9000000e+01
  1.4680000e+03	  1.0517662e+02	  7.9000000e+01
  1.4690000e+03	  1.0712689e+02	  7.9000000e+01
  1.4700000e+03	  1.0907716e+02	  7.9000000e+01
  1.4710000e+03	  1.1102744e+02	  7.9000000e+01
  1.4720000e+03	  1.1297770e+02	  7.9000000e+01
  1.4730000e+03	  1.1492798e+02	  7.9000000e+01
  1.4740000e+03	  1.1687824e+02	  7.9000000e+01
  1.4750000e+03	  1.1882851e+02	  7.9000000e+01
  1.4760000e+03	  1.2077879e+02	  7.9000000e+01
  1.4770000e+03	  1.2272906e+02	  7.9000000e+01
  1.4780000e+03	  1.2467932e+02	  7.9000000e+01
  1.4790000e+03	  1.2662959e+02	  7.9000000e+01
  1.4800000e+03	  1.2857986e+02	  7.9000000e+01
  1.4810000e+03	  5.8381218e+01	  8.1000000e+01
  1.4820000e+03	  6.0333649e+01	  8.1000000e+01
  1.4830000e+03	  6.2286083e+01	  8.1000000e+01
  1.4840000e+03	  6.4238510e+01	  8.1000000e+01
  1.4850000e+03	  6.6190941e+01	  8.1000000e+01
  1.4860000e+03	  6.8143379e+01	  8.1000000e+01
  1.4870000e+03	  7.0095810e+01	  8.1000000e+01
  1.4880000e+03	  7.2048241e+01	  8.1000000e+01
  1.4890000e+03	  7.4000679e+01	  8.1000000e+01
  1.4900000e+03	  7.5953110e+01	  8.1000000e+01
  1.4910000e+03	  7.7905540e+01	  8.1000000e+01
  1.4920000e+03	  7.9857971e+01	  8.1000000e+01
  1.4930000e+03	  8.1810410e+01	  8.1000000e+01
  1.4940000e+03	  8.3762840e+01	  8.1000000e+01
  1.4950000e+03	  8.5715271e+01	  8.1000000e+01
  1.4960000e+03	  8.7667702e+01	  8.1000000e+01
  1.4970000e+03	  8.9620132e+01	  8.1000000e+01
  1.4980000e+03	  9.1572571e+01	  8.1000000e+01
  1.4990000e+03	  9.3525002e+01	  8.1000000e+01
  1.5000000e+03	  9.5477432e+01	  8.1000000e+01
  1.5010000e+03	  9.7429863e+01	  8.1000000e+01
  1.5020000e+03	  9.9382301e+01	  8.1000000e+01
  1.5030000e+03	  1.0133473e+02	  8.1000000e+01
  1.5040000e+03	  1.0328716e+02	  8.1000000e+01
  1.5050000e+03	  1.0523959e+02	  8.1000000e+01
  1.5060000e+03	  1.0719202e+02	  8.1000000e+01
  1.5070000e+03	  1.0914445e+02	  8.1000000e+01
  1.5080000e+03	  1.1109689e+02	  8.1000000e+01
  1.5090000e+03	  1.1304932e+02	  8.1000000e+01
  1.5100000e+03	  1.1500175e+02	  8.1000000e+01
  1.5110000e+03	  1.1695419e+02	  8.1000000e+01
  1.5120000e+03	  1.1890662e+02	  8.1000000e+01
  1.5130000e+03	  1.2085905e+02	  8.1000000e+01
  1.5140000e+03	  1.2281149e+02	  8.1000000e+01
  1.5150000e+03	  1.2476392e+02	  8.1000000e+01
  1.5160000e+03	  1.2671635e+02	  8.1000000e+01
  1.5170000e+03	  1.2866879e+02	  8.1000000e+01
  1.5180000e+03	  5.8392296e+01	  8.3000000e+01
  1.5190000e+03	  6.0346893e+01	  8.3000000e+01
  1.5200000e+03	  6.2301487e+01	  8.3000000e+01
  1.5210000e+03	  6.4256081e+01	  8.3000000e+01
  1.5220000e+03	  6.6210678e+01	  8.3000000e+01
  1.5230000e+03	  6.8165268e+01	  8.3000000e+01
  1.5240000e+03	  7.0119865e+01	  8.3000000e+01
  1.5250000e+03	  7.2074455e+01	  8.3000000e+01
  1.5260000e+03	  7.4029053e+01	  8.3000000e+01
  1.5270000e+03	  7.5983650e+01	  8.3000000e+01
  1.5280000e+03	  7.7938240e+01	  8.3000000e+01
  1.5290000e+03	  7.9892838e+01	  8.3000000e+01
  1.5300000e+03	  8.1847435e+01	  8.3000000e+01
  1.5310000e+03	  8.3802025e+01	  8.3000000e+01
  1.5320000e+03	  8.5756622e+01	  8.3000000e+01
  1.5330000e+03	  8.7711212e+01	  8.3000000e+01
  1.5340000e+03	  8.9665810e+01	  8.3000000e+01
  1.5350000e+03	  9.1620407e+01	  8.3000000e+01
  1.5360000e+03	  9.3574997e+01	  8.3000000e+01
  1.5370000e+03	  9.5529594e+01	  8.3000000e+01
  1.5380000e+03	  9.7484192e+01	  8.3000000e+01
  1.5390000e+03	  9.9438782e+01	  8.3000000e+01
  1.5400000e+03	  1.0139338e+02	  8.3000000e+01
  1.5410000e+03	  1.0334798e+02	  8.3000000e+01
  1.5420000e+03	  1.0530257e+02	  8.3000000e+01
  1.5430000e+03	  1.0725716e+02	  8.3000000e+01
  1.5440000e+03	  1.0921175e+02	  8.3000000e+01
  1.5450000e+03	  1.1116635e+02	  8.3000000e+01
  1.5460000e+03	  1.1312095e+02	  8.3000000e+01
  1.5470000e+03	  1.1507554e+02	  8.3000000e+01
  1.5480000e+03	  1.1703014e+02	  8.3000000e+01
  1.5490000e+03	  1.1898473e+02	  8.3000000e+01
  1.5500000e+03	  1.2093932e+02	  8.3000000e+01
  1.5510000e+03	  1.2289392e+02	  8.3000000e+01
  1.5520000e+03	  1.2484851e+02	  8.3000000e+01
  1.5530000e+03	  1.2680311e+02	  8.3000000e+01
  1.5540000e+03	  1.2875771e+02	  8.3000000e+01
  1.5550000e+03	  5.8403378e+01	  8.5000000e+01
  1.5560000e+03	  6.0360134e+01	  8.5000000e+01
  1.5570000e+03	  6.2316891e+01	  8.5000000e+01
  1.5580000e+03	  6.4273651e+01	  8.5000000e+01
  1.5590000e+03	  6.6230408e+01	  8.5000000e+01
  1.5600000e+03	  6.8187164e+01	  8.5000000e+01
  1.5610000e+03	  7.0143913e+01	  8.5000000e+01
  1.5620000e+03	  7.2100677e+01	  8.5000000e+01
  1.5630000e+03	  7.4057434e+01	  8.5000000e+01
  1.5640000e+03	  7.6014183e+01	  8.5000000e+01
  1.5650000e+03	  7.7970947e+01	  8.5000000e+01
  1.5660000e+03	  7.9927704e+01	  8.5000000e+01
  1.5670000e+03	  8.1884460e+01	  8.5000000e+01
  1.5680000e+03	  8.3841217e+01	  8.5000000e+01
  1.5690000e+03	  8.5797974e+01	  8.5000000e+01
  1.5700000e+03	  8.7754730e+01	  8.5000000e+01
  1.5710000e+03	  8.9711487e+01	  8.5000000e+01
  1.5720000e+03	  9.1668243e+01	  8.5000000e+01
  1.5730000e+03	  9.3625000e+01	  8.5000000e+01
  1.5740000e+03	  9.5581757e+01	  8.5000000e+01
  1.5750000e+03	  9.7538513e+01	  8.5000000e+01
  1.5760000e+03	  9.9495270e+01	  8.5000000e+01
  1.5770000e+03	  1.0145203e+02	  8.5000000e+01
  1.5780000e+03	  1.0340878e+02	  8.5000000e+01
  1.5790000e+03	  1.0536554e+02	  8.5000000e+01
  1.5800000e+03	  1.0732230e+02	  8.5000000e+01
  1.5810000e+03	  1.0927905e+02	  8.5000000e+01
  1.5820000e+03	  1.1123581e+02	  8.5000000e+01
  1.5830000e+03	  1.1319257e+02	  8.5000000e+01
  1.5840000e+03	  1.1514932e+02	  8.5000000e+01
  1.5850000e+03	  1.1710608e+02	  8.5000000e+01
  1.5860000e+03	  1.1906284e+02	  8.5000000e+01
  1.5870000e+03	  1.2101960e+02	  8.5000000e+01
  1.5880000e+03	  1.2297635e+02	  8.5000000e+01
  1.5890000e+03	  1.2493311e+02	  8.5000000e+01
  1.5900000e+03	  1.2688987e+02	  8.5000000e+01
  1.5910000e+03	  1.2884662e+02	  8.5000000e+01
  1.5920000e+03	  5.8414459e+01	  8.7000000e+01
  1.5930000e+03	  6.0373379e+01	  8.7000000e+01
  1.5940000e+03	  6.2332298e+01	  8.7000000e+01
  1.5950000e+03	  6.4291214e+01	  8.7000000e+01
  1.5960000e+03	  6.6250137e+01	  8.7000000e+01
  1.5970000e+03	  6.8209053e+01	  8.7000000e+01
  1.5980000e+03	  7.0167969e+01	  8.7000000e+01
  1.5990000e+03	  7.2126892e+01	  8.7000000e+01
  1.6000000e+03	  7.4085808e+01	  8.7000000e+01
  1.6010000e+03	  7.6044731e+01	  8.7000000e+01
  1.6020000e+03	  7.8003647e+01	  8.7000000e+01
  1.6030000e+03	  7.9962570e+01	  8.7000000e+01
  1.6040000e+03	  8.1921486e+01	  8.7000000e+01
  1.6050000e+03	  8.3880402e+01	  8.7000000e+01
  1.6060000e+03	  8.5839325e+01	  8.7000000e+01
  1.6070000e+03	  8.7798241e+01	  8.7000000e+01
  1.6080000e+03	  8.9757164e+01	  8.7000000e+01
  1.6090000e+03	  9.1716080e+01	  8.7000000e+01
  1.6100000e+03	  9.3675003e+01	  8.7000000e+01
  1.6110000e+03	  9.5633919e+01	  8.7000000e+01
  1.6120000e+03	  9.7592834e+01	  8.7000000e+01
  1.6130000e+03	  9.9551758e+01	  8.7000000e+01
  1.6140000e+03	  1.0151067e+02	  8.7000000e+01
  1.6150000e+03	  1.0346960e+02	  8.7000000e+01
  1.6160000e+03	  1.0542851e+02	  8.7000000e+01
  1.6170000e+03	  1.0738744e+02	  8.7000000e+01
  1.6180000e+03	  1.0934635e+02	  8.7000000e+01
  1.6190000e+03	  1.1130527e+02	  8.7000000e+01
  1.6200000e+03	  1.1326419e+02	  8.7000000e+01
  1.6210000e+03	  1.1522311e+02	  8.7000000e+01
  1.6220000e+03	  1.1718203e+02	  8.7000000e+01
  1.6230000e+03	  1.1914095e+02	  8.7000000e+01
  1.6240000e+03	  1.2109987e+02	  8.7000000e+01
  1.6250000e+03	  1.2305878e+02	  8.7000000e+01
  1.6260000e+03	  1.2501770e+02	  8.7000000e+01
  1.6270000e+03	  1.2697662e+02	  8.7000000e+01
  1.6280000e+03	  1.2893555e+02	  8.7000000e+01
  1.6290000e+03	  5.8425541e+01	  8.9000000e+01
  1.6300000e+03	  6.0386623e+01	  8.9000000e+01
  1.6310000e+03	  6.2347702e+01	  8.9000000e+01
  1.6320000e+03	  6.4308784e+01	  8.9000000e+01
  1.6330000e+03	  6.6269867e+01	  8.9000000e+01
  1.6340000e+03	  6.8230949e+01	  8.9000000e+01
  1.6350000e+03	  7.0192032e+01	  8.9000000e+01
  1.6360000e+03	  7.2153107e+01	  8.9000000e+01
  1.6370000e+03	  7.4114189e+01	  8.9000000e+01
  1.6380000e+03	  7.6075272e+01	  8.9000000e+01
  1.6390000e+03	  7.8036354e+01	  8.9000000e+01
  1.6400000e+03	  7.9997437e+01	  8.9000000e+01
  1.6410000e+03	  8.1958511e+01	  8.9000000e+01
  1.6420000e+03	  8.3919594e+01	  8.9000000e+01
  1.6430000e+03	  8.5880676e+01	  8.9000000e+01
  1.6440000e+03	  8.7841759e+01	  8.9000000e+01
  1.6450000e+03	  8.9802841e+01	  8.9000000e+01
  1.6460000e+03	  9.1763916e+01	  8.9000000e+01
  1.6470000e+03	  9.3724998e+01	  8.9000000e+01
  1.6480000e+03	  9.5686081e+01	  8.9000000e+01
  1.6490000e+03	  9.7647163e+01	  8.9000000e+01
  1.6500000e+03	  9.9608246e+01	  8.9000000e+01
  1.6510000e+03	  1.0156932e+02	  8.9000000e+01
  1.6520000e+03	  1.0353040e+02	  8.9000000e+01
  1.6530000e+03	  1.0549149e+02	  8.9000000e+01
  1.6540000e+03	  1.0745257e+02	  8.9000000e+01
  1.6550000e+03	  1.0941365e+02	  8.9000000e+01
  1.6560000e+03	  1.1137473e+02	  8.9000000e+01
  1.6570000e+03	  1.1333581e+02	  8.9000000e+01
  1.6580000e+03	  1.1529689e+02	  8.9000000e+01
  1.6590000e+03	  1.1725797e+02	  8.9000000e+01
  1.6600000e+03	  1.1921906e+02	  8.9000000e+01
  1.6610000e+03	  1.2118014e+02	  8.9000000e+01
  1.6620000e+03	  1.2314122e+02	  8.9000000e+01
  1.6630000e+03	  1.2510230e+02	  8.9000000e+01
  1.6640000e+03	  1.2706339e+02	  8.9000000e+01
  1.6650000e+03	  1.2902446e+02	  8.9000000e+01
  1.6660000e+03	  5.8436623e+01	  9.1000000e+01
  1.6670000e+03	  6.0399864e+01	  9.1000000e+01
  1.6680000e+03	  6.2363110e+01	  9.1000000e+01
  1.6690000e+03	  6.4326347e+01	  9.1000000e+01
  1.6700000e+03	  6.6289597e+01	  9.1000000e+01
  1.6710000e+03	  6.8252838e+01	  9.1000000e+01
  1.6720000e+03	  7.0216080e+01	  9.1000000e+01
  1.6730000e+03	  7.2179321e+01	  9.1000000e+01
  1.6740000e+03	  7.4142563e+01	  9.1000000e+01
  1.6750000e+03	  7.6105812e+01	  9.1000000e+01
  1.6760000e+03	  7.8069054e+01	  9.1000000e+01
  1.6770000e+03	  8.0032295e+01	  9.1000000e+01
  1.6780000e+03	  8.1995544e+01	  9.1000000e+01
  1.6790000e+03	  8.3958786e+01	  9.1000000e+01
  1.6800000e+03	  8.5922028e+01	  9.1000000e+01
  1.6810000e+03	  8.7885269e+01	  9.1000000e+01
  1.6820000e+03	  8.9848518e+01	  9.1000000e+01
  1.6830000e+03	  9.1811760e+01	  9.1000000e+01
  1.6840000e+03	  9.3775002e+01	  9.1000000e+01
  1.6850000e+03	  9.5738243e+01	  9.1000000e+01
  1.6860000e+03	  9.7701485e+01	  9.1000000e+01
  1.6870000e+03	  9.9664726e+01	  9.1000000e+01
  1.6880000e+03	  1.0162798e+02	  9.1000000e+01
  1.6890000e+03	  1.0359122e+02	  9.1000000e+01
  1.6900000e+03	  1.0555446e+02	  9.1000000e+01
  1.6910000e+03	  1.0751770e+02	  9.1000000e+01
  1.6920000e+03	  1.0948095e+02	  9.1000000e+01
  1.6930000e+03	  1.1144419e+02	  9.1000000e+01
  1.6940000e+03	  1.1340743e+02	  9.1000000e+01
  1.6950000e+03	  1.1537067e+02	  9.1000000e+01
  1.6960000e+03	  1.1733392e+02	  9.1000000e+01
  1.6970000e+03	  1.1929716e+02	  9.1000000e+01
  1.6980000e+03	  1.2126041e+02	  9.1000000e+01
  1.6990000e+03	  1.2322365e+02	  9.1000000e+01
  1.7000000e+03	  1.2518689e+02	  9.1000000e+01
  1.7010000e+03	  1.2715014e+02	  9.1000000e+01
  1.7020000e+03	  1.2911337e+02	  9.1000000e+01
  1.7030000e+03	  5.8447701e+01	  9.3000000e+01
  1.7040000e+03	  6.0413109e+01	  9.3000000e+01
  1.7050000e+03	  6.2378513e+01	  9.3000000e+01
  1.7060000e+03	  6.4343918e+01	  9.3000000e+01
  1.7070000e+03	  6.6309326e+01	  9.3000000e+01
  1.7080000e+03	  6.8274727e+01	  9.3000000e+01
  1.7090000e+03	  7.0240135e+01	  9.3000000e+01
  1.7100000e+03	  7.2205536e+01	  9.3000000e+01
  1.7110000e+03	  7.4170944e+01	  9.3000000e+01
  1.7120000e+03	  7.6136353e+01	  9.3000000e+01
  1.7130000e+03	  7.8101753e+01	  9.3000000e+01
  1.7140000e+03	  8.0067162e+01	  9.3000000e+01
  1.7150000e+03	  8.2032570e+01	  9.3000000e+01
  1.7160000e+03	  8.3997971e+01	  9.3000000e+01
  1.7170000e+03	  8.5963379e+01	  9.3000000e+01
  1.7180000e+03	  8.7928787e+01	  9.3000000e+01
  1.7190000e+03	  8.9894188e+01	  9.3000000e+01
  1.7200000e+03	  9.1859596e+01	  9.3000000e+01
  1.7210000e+03	  9.3825005e+01	  9.3000000e+01
  1.7220000e+03	  9.5790405e+01	  9.3000000e+01
  1.7230000e+03	  9.7755806e+01	  9.3000000e+01
  1.7240000e+03	  9.9721214e+01	  9.3000000e+01
  1.7250000e+03	  1.0168662e+02	  9.3000000e+01
  1.7260000e+03	  1.0365202e+02	  9.3000000e+01
  1.7270000e+03	  1.0561743e+02	  9.3000000e+01
  1.7280000e+03	  1.0758284e+02	  9.3000000e+01
  1.7290000e+03	  1.0954824e+02	  9.3000000e+01
  1.7300000e+03	  1.1151365e+02	  9.3000000e+01
  1.7310000e+03	  1.1347906e+02	  9.3000000e+01
  1.7320000e+03	  1.1544446e+02	  9.3000000e+01
  1.7330000e+03	  1.1740987e+02	  9.3000000e+01
  1.7340000e+03	  1.1937527e+02	  9.3000000e+01
  1.7350000e+03	  1.2134068e+02	  9.3000000e+01
  1.7360000e+03	  1.2330608e+02	  9.3000000e+01
  1.7370000e+03	  1.2527148e+02	  9.3000000e+01
  1.7380000e+03	  1.2723689e+02	  9.3000000e+01
  1.7390000e+03	  1.2920230e+02	  9.3000000e+01
  1.7400000e+03	  5.8458782e+01	  9.5000000e+01
  1.7410000e+03	  6.0426353e+01	  9.5000000e+01
  1.7420000e+03	  6.2393921e+01	  9.5000000e+01
  1.7430000e+03	  6.4361488e+01	  9.5000000e+01
  1.7440000e+03	  6.6329056e+01	  9.5000000e+01
  1.7450000e+03	  6.8296623e+01	  9.5000000e+01
  1.7460000e+03	  7.0264191e+01	  9.5000000e+01
  1.7470000e+03	  7.2231758e+01	  9.5000000e+01
  1.7480000e+03	  7.4199326e+01	  9.5000000e+01
  1.7490000e+03	  7.6166893e+01	  9.5000000e+01
  1.7500000e+03	  7.8134460e+01	  9.5000000e+01
  1.7510000e+03	  8.0102028e+01	  9.5000000e+01
  1.7520000e+03	  8.2069595e+01	  9.5000000e+01
  1.7530000e+03	  8.4037163e+01	  9.5000000e+01
  1.7540000e+03	  8.6004730e+01	  9.5000000e+01
  1.7550000e+03	  8.7972298e+01	  9.5000000e+01
  1.7560000e+03	  8.9939865e+01	  9.5000000e+01
  1.7570000e+03	  9.1907433e+01	  9.5000000e+01
  1.7580000e+03	  9.3875000e+01	  9.5000000e+01
  1.7590000e+03	  9.5842567e+01	  9.5000000e+01
  1.7600000e+03	  9.7810135e+01	  9.5000000e+01
  1.7610000e+03	  9.9777702e+01	  9.5000000e+01
  1.7620000e+03	  1.0174527e+02	  9.5000000e+01
  1.7630000e+03	  1.0371284e+02	  9.5000000e+01
  1.7640000e+03	  1.0568040e+02	  9.5000000e+01
  1.7650000e+03	  1.0764797e+02	  9.5000000e+01
  1.7660000e+03	  1.0961554e+02	  9.5000000e+01
  1.7670000e+03	  1.1158311e+02	  9.5000000e+01
  1.7680000e+03	  1.1355067e+02	  9.5000000e+01
  1.7690000e+03	  1.1551824e+02	  9.5000000e+01
  1.7700000e+03	  1.1748581e+02	  9.5000000e+01
  1.7710000e+03	  1.1945338e+02	  9.5000000e+01
  1.7720000e+03	  1.2142094e+02	  9.5000000e+01
  1.7730000e+03	  1.2338851e+02	  9.5000000e+01
  1.7740000e+03	  1.2535609e+02	  9.5000000e+01
  1.7750000e+03	  1.2732365e+02	  9.5000000e+01
  1.7760000e+03	  1.2929121e+02	  9.5000000e+01
  1.7770000e+03	  5.8469868e+01	  9.7000000e+01
  1.7780000e+03	  6.0439594e+01	  9.7000000e+01
  1.7790000e+03	  6.2409325e+01	  9.7000000e+01
  1.7800000e+03	  6.4379051e+01	  9.7000000e+01
  1.7810000e+03	  6.6348785e+01	  9.7000000e+01
  1.7820000e+03	  6.8318512e+01	  9.7000000e+01
  1.7830000e+03	  7.0288246e+01	  9.7000000e+01
  1.7840000e+03	  7.2257973e+01	  9.7000000e+01
  1.7850000e+03	  7.4227699e+01	  9.7000000e+01
  1.7860000e+03	  7.6197433e+01	  9.7000000e+01
  1.7870000e+03	  7.8167160e+01	  9.7000000e+01
  1.7880000e+03	  8.0136894e+01	  9.7000000e+01
  1.7890000e+03	  8.2106621e+01	  9.7000000e+01
  1.7900000e+03	  8.4076355e+01	  9.7000000e+01
  1.7910000e+03	  8.6046082e+01	  9.7000000e+01
  1.7920000e+03	  8.8015808e+01	  9.7000000e+01
  1.7930000e+03	  8.9985542e+01	  9.7000000e+01
  1.7940000e+03	  9.1955269e+01	  9.7000000e+01
  1.7950000e+03	  9.3924995e+01	  9.7000000e+01
  1.7960000e+03	  9.5894730e+01	  9.7000000e+01
  1.7970000e+03	  9.7864464e+01	  9.7000000e+01
  1.7980000e+03	  9.9834190e+01	  9.7000000e+01
  1.7990000e+03	  1.0180392e+02	  9.7000000e+01
  1.8000000e+03	  1.0377365e+02	  9.7000000e+01
  1.8010000e+03	  1.0574338e+02	  9.7000000e+01
  1.8020000e+03	  1.0771310e+02	  9.7000000e+01
  1.8030000e+03	  1.0968284e+02	  9.7000000e+01
  1.8040000e+03	  1.1165257e+02	  9.7000000e+01
  1.8050000e+03	  1.1362230e+02	  9.7000000e+01
  1.8060000e+03	  1.1559203e+02	  9.7000000e+01
  1.8070000e+03	  1.1756176e+02	  9.7000000e+01
  1.8080000e+03	  1.1953149e+02	  9.7000000e+01
  1.8090000e+03	  1.2150121e+02	  9.7000000e+01
  1.8100000e+03	  1.2347095e+02	  9.7000000e+01
  1.8110000e+03	  1.2544067e+02	  9.7000000e+01
  1.8120000e+03	  1.2741041e+02	  9.7000000e+01
  1.8130000e+03	  1.2938014e+02	  9.7000000e+01
  1.8140000e+03	  5.8480946e+01	  9.9000000e+01
  1.8150000e+03	  6.0452839e+01	  9.9000000e+01
  1.8160000e+03	  6.2424728e+01	  9.9000000e+01
  1.8170000e+03	  6.4396622e+01	  9.9000000e+01
  1.8180000e+03	  6.6368515e+01	  9.9000000e+01
  1.8190000e+03	  6.8340408e+01	  9.9000000e+01
  1.8200000e+03	  7.0312294e+01	  9.9000000e+01
  1.8210000e+03	  7.2284187e+01	  9.9000000e+01
  1.8220000e+03	  7.4256081e+01	  9.9000000e+01
  1.8230000e+03	  7.6227974e+01	  9.9000000e+01
  1.8240000e+03	  7.8199867e+01	  9.9000000e+01
  1.8250000e+03	  8.0171761e+01	  9.9000000e+01
  1.8260000e+03	  8.2143646e+01	  9.9000000e+01
  1.8270000e+03	  8.4115540e+01	  9.9000000e+01
  1.8280000e+03	  8.6087433e+01	  9.9000000e+01
  1.8290000e+03	  8.8059326e+01	  9.9000000e+01
  1.8300000e+03	  9.0031212e+01	  9.9000000e+01
  1.8310000e+03	  9.2003105e+01	  9.9000000e+01
  1.8320000e+03	  9.3974998e+01	  9.9000000e+01
  1.8330000e+03	  9.5946892e+01	  9.9000000e+01
  1.8340000e+03	  9.7918785e+01	  9.9000000e+01
  1.8350000e+03	  9.9890678e+01	  9.9000000e+01
  1.8360000e+03	  1.0186256e+02	  9.9000000e+01
  1.8370000e+03	  1.0383446e+02	  9.9000000e+01
  1.8380000e+03	  1.0580635e+02	  9.9000000e+01
  1.8390000e+03	  1.0777824e+02	  9.9000000e+01
  1.8400000e+03	  1.0975013e+02	  9.9000000e+01
  1.8410000e+03	  1.1172202e+02	  9.9000000e+01
  1.8420000e+03	  1.1369392e+02	  9.9000000e+01
  1.8430000e+03	  1.1566581e+02	  9.9000000e+01
  1.8440000e+03	  1.1763770e+02	  9.9000000e+01
  1.8450000e+03	  1.1960960e+02	  9.9000000e+01
  1.8460000e+03	  1.2158149e+02	  9.9000000e+01
  1.8470000e+03	  1.2355338e+02	  9.9000000e+01
  1.8480000e+03	  1.2552527e+02	  9.9000000e+01
  1.8490000e+03	  1.2749716e+02	  9.9000000e+01
  1.8500000e+03	  1.2946906e+02	  9.9000000e+01
  1.8510000e+03	  5.8492027e+01	  1.0100000e+02
  1.8520000e+03	  6.0466080e+01	  1.0100000e+02
  1.8530000e+03	  6.2440136e+01	  1.0100000e+02
  1.8540000e+03	  6.4414185e+01	  1.0100000e+02
  1.8550000e+03	  6.6388245e+01	  1.0100000e+02
  1.8560000e+03	  6.8362297e+01	  1.0100000e+02
  1.8570000e+03	  7.0336349e+01	  1.0100000e+02
  1.8580000e+03	  7.2310402e+01	  1.0100000e+02
  1.8590000e+03	  7.4284462e+01	  1.0100000e+02
  1.8600000e+03	  7.6258514e+01	  1.0100000e+02
  1.8610000e+03	  7.8232567e+01	  1.0100000e+02
  1.8620000e+03	  8.0206619e+01	  1.0100000e+02
  1.8630000e+03	  8.2180679e+01	  1.0100000e+02
  1.8640000e+03	  8.4154732e+01	  1.0100000e+02
  1.8650000e+03	  8.6128784e+01	  1.0100000e+02
  1.8660000e+03	  8.8102837e+01	  1.0100000e+02
  1.8670000e+03	  9.0076889e+01	  1.0100000e+02
  1.8680000e+03	  9.2050941e+01	  1.0100000e+02
  1.8690000e+03	  9.4025002e+01	  1.0100000e+02
  1.8700000e+03	  9.5999054e+01	  1.0100000e+02
  1.8710000e+03	  9.7973106e+01	  1.0100000e+02
  1.8720000e+03	  9.9947166e+01	  1.0100000e+02
  1.8730000e+03	  1.0192122e+02	  1.0100000e+02
  1.8740000e+03	  1.0389527e+02	  1.0100000e+02
  1.8750000e+03	  1.0586932e+02	  1.0100000e+02
  1.8760000e+03	  1.0784338e+02	  1.0100000e+02
  1.8770000e+03	  1.0981743e+02	  1.0100000e+02
  1.8780000e+03	  1.1179148e+02	  1.0100000e+02
  1.8790000e+03	  1.1376554e+02	  1.0100000e+02
  1.8800000e+03	  1.1573959e+02	  1.0100000e+02
  1.8810000e+03	  1.1771365e+02	  1.0100000e+02
  1.8820000e+03	  1.1968771e+02	  1.0100000e+02
  1.8830000e+03	  1.2166176e+02	  1.0100000e+02
  1.8840000e+03	  1.2363581e+02	  1.0100000e+02
  1.8850000e+03	  1.2560986e+02	  1.0100000e+02
  1.8860000e+03	  1.2758392e+02	  1.0100000e+02
  1.8870000e+03	  1.2955797e+02	  1.0100000e+02
  1.8880000e+03	  5.8503109e+01	  1.0300000e+02
  1.8890000e+03	  6.0479324e+01	  1.0300000e+02
  1.8900000e+03	  6.2455540e+01	  1.0300000e+02
  1.8910000e+03	  6.4431755e+01	  1.0300000e+02
  1.8920000e+03	  6.6407974e+01	  1.0300000e+02
  1.8930000e+03	  6.8384186e+01	  1.0300000e+02
  1.8940000e+03	  7.0360405e+01	  1.0300000e+02
  1.8950000e+03	  7.2336624e+01	  1.0300000e+02
  1.8960000e+03	  7.4312836e+01	  1.0300000e+02
  1.8970000e+03	  7.6289055e+01	  1.0300000e+02
  1.8980000e+03	  7.8265274e+01	  1.0300000e+02
  1.8990000e+03	  8.0241486e+01	  1.0300000e+02
  1.9000000e+03	  8.2217705e+01	  1.0300000e+02
  1.9010000e+03	  8.4193916e+01	  1.0300000e+02
  1.9020000e+03	  8.6170135e+01	  1.0300000e+02
  1.9030000e+03	  8.8146347e+01	  1.0300000e+02
  1.9040000e+03	  9.0122566e+01	  1.0300000e+02
  1.9050000e+03	  9.2098785e+01	  1.0300000e+02
  1.9060000e+03	  9.4074997e+01	  1.0300000e+02
  1.9070000e+03	  9.6051216e+01	  1.0300000e+02
  1.9080000e+03	  9.8027435e+01	  1.0300000e+02
  1.9090000e+03	  1.0000365e+02	  1.0300000e+02
  1.9100000e+03	  1.0197987e+02	  1.0300000e+02
  1.9110000e+03	  1.0395609e+02	  1.0300000e+02
  1.9120000e+03	  1.0593230e+02	  1.0300000e+02
  1.9130000e+03	  1.0790852e+02	  1.0300000e+02
  1.9140000e+03	  1.0988473e+02	  1.0300000e+02
  1.9150000e+03	  1.1186095e+02	  1.0300000e+02
  1.9160000e+03	  1.1383716e+02	  1.0300000e+02
  1.9170000e+03	  1.1581338e+02	  1.0300000e+02
  1.9180000e+03	  1.1778960e+02	  1.0300000e+02
  1.9190000e+03	  1.1976581e+02	  1.0300000e+02
  1.9200000e+03	  1.2174203e+02	  1.0300000e+02
  1.9210000e+03	  1.2371825e+02	  1.0300000e+02
  1.9220000e+03	  1.2569446e+02	  1.0300000e+02
  1.9230000e+03	  1.2767068e+02	  1.0300000e+02
  1.9240000e+03	  1.2964690e+02	  1.0300000e+02
  1.9250000e+03	  5.8514191e+01	  1.0500000e+02
  1.9260000e+03	  6.0492569e+01	  1.0500000e+02
  1.9270000e+03	  6.2470947e+01	  1.0500000e+02
  1.9280000e+03	  6.4449326e+01	  1.0500000e+02
  1.9290000e+03	  6.6427704e+01	  1.0500000e+02
  1.9300000e+03	  6.8406082e+01	  1.0500000e+02
  1.9310000e+03	  7.0384460e+01	  1.0500000e+02
  1.9320000e+03	  7.2362839e+01	  1.0500000e+02
  1.9330000e+03	  7.4341217e+01	  1.0500000e+02
  1.9340000e+03	  7.6319595e+01	  1.0500000e+02
  1.9350000e+03	  7.8297974e+01	  1.0500000e+02
  1.9360000e+03	  8.0276352e+01	  1.0500000e+02
  1.9370000e+03	  8.2254730e+01	  1.0500000e+02
  1.9380000e+03	  8.4233109e+01	  1.0500000e+02
  1.9390000e+03	  8.6211487e+01	  1.0500000e+02
  1.9400000e+03	  8.8189865e+01	  1.0500000e+02
  1.9410000e+03	  9.0168243e+01	  1.0500000e+02
  1.9420000e+03	  9.2146622e+01	  1.0500000e+02
  1.9430000e+03	  9.4125000e+01	  1.0500000e+02
  1.9440000e+03	  9.6103378e+01	  1.0500000e+02
  1.9450000e+03	  9.8081757e+01	  1.0500000e+02
  1.9460000e+03	  1.0006013e+02	  1.0500000e+02
  1.9470000e+03	  1.0203851e+02	  1.0500000e+02
  1.9480000e+03	  1.0401689e+02	  1.0500000e+02
  1.9490000e+03	  1.0599527e+02	  1.0500000e+02
  1.9500000e+03	  1.0797365e+02	  1.0500000e+02
  1.9510000e+03	  1.0995203e+02	  1.0500000e+02
  1.9520000e+03	  1.1193040e+02	  1.0500000e+02
  1.9530000e+03	  1.1390878e+02	  1.0500000e+02
  1.9540000e+03	  1.1588716e+02	  1.0500000e+02
  1.9550000e+03	  1.1786554e+02	  1.0500000e+02
  1.9560000e+03	  1.1984392e+02	  1.0500000e+02
  1.9570000e+03	  1.2182230e+02	  1.0500000e+02
  1.9580000e+03	  1.2380067e+02	  1.0500000e+02
  1.9590000e+03	  1.2577905e+02	  1.0500000e+02
  1.9600000e+03	  1.2775743e+02	  1.0500000e+02
  1.9610000e+03	  1.2973581e+02	  1.0500000e+02
  1.9620000e+03	  5.8525269e+01	  1.0700000e+02
  1.9630000e+03	  6.0505810e+01	  1.0700000e+02
  1.9640000e+03	  6.2486351e+01	  1.0700000e+02
  1.9650000e+03	  6.4466888e+01	  1.0700000e+02
  1.9660000e+03	  6.6447433e+01	  1.0700000e+02
  1.9670000e+03	  6.8427971e+01	  1.0700000e+02
  1.9680000e+03	  7.0408516e+01	  1.0700000e+02
  1.9690000e+03	  7.2389053e+01	  1.0700000e+02
  1.9700000e+03	  7.4369598e+01	  1.0700000e+02
  1.9710000e+03	  7.6350136e+01	  1.0700000e+02
  1.9720000e+03	  7.8330673e+01	  1.0700000e+02
  1.9730000e+03	  8.0311218e+01	  1.0700000e+02
  1.9740000e+03	  8.2291756e+01	  1.0700000e+02
  1.9750000e+03	  8.4272293e+01	  1.0700000e+02
  1.9760000e+03	  8.6252838e+01	  1.0700000e+02
  1.9770000e+03	  8.8233383e+01	  1.0700000e+02
  1.9780000e+03	  9.0213921e+01	  1.0700000e+02
  1.9790000e+03	  9.2194458e+01	  1.0700000e+02
  1.9800000e+03	  9.4175003e+01	  1.0700000e+02
  1.9810000e+03	  9.6155540e+01	  1.0700000e+02
  1.9820000e+03	  9.8136078e+01	  1.0700000e+02
  1.9830000e+03	  1.0011662e+02	  1.0700000e+02
  1.9840000e+03	  1.0209716e+02	  1.0700000e+02
  1.9850000e+03	  1.0407770e+02	  1.0700000e+02
  1.9860000e+03	  1.0605824e+02	  1.0700000e+02
  1.9870000e+03	  1.0803879e+02	  1.0700000e+02
  1.9880000e+03	  1.1001933e+02	  1.0700000e+02
  1.9890000e+03	  1.1199986e+02	  1.0700000e+02
  1.9900000e+03	  1.1398041e+02	  1.0700000e+02
  1.9910000e+03	  1.1596095e+02	  1.0700000e+02
  1.9920000e+03	  1.1794148e+02	  1.0700000e+02
  1.9930000e+03	  1.1992203e+02	  1.0700000e+02
  1.9940000e+03	  1.2190257e+02	  1.0700000e+02
  1.9950000e+03	  1.2388311e+02	  1.0700000e+02
  1.9960000e+03	  1.2586365e+02	  1.0700000e+02
  1.9970000e+03	  1.2784419e+02	  1.0700000e+02
  1.9980000e+03	  1.2982474e+02	  1.0700000e+02
  1.9990000e+03	  5.8536350e+01	  1.0900000e+02
  2.0000000e+03	  6.0519054e+01	  1.0900000e+02
  2.0010000e+03	  6.2501755e+01	  1.0900000e+02
  2.0020000e+03	  6.4484459e+01	  1.0900000e+02
  2.0030000e+03	  6.6467163e+01	  1.0900000e+02
  2.0040000e+03	  6.8449867e+01	  1.0900000e+02
  2.0050000e+03	  7.0432571e+01	  1.0900000e+02
  2.0060000e+03	  7.2415276e+01	  1.0900000e+02
  2.0070000e+03	  7.4397972e+01	  1.0900000e+02
  2.0080000e+03	  7.6380676e+01	  1.0900000e+02
  2.0090000e+03	  7.8363380e+01	  1.0900000e+02
  2.0100000e+03	  8.0346077e+01	  1.0900000e+02
  2.0110000e+03	  8.2328781e+01	  1.0900000e+02
  2.0120000e+03	  8.4311485e+01	  1.0900000e+02
  2.0130000e+03	  8.6294189e+01	  1.0900000e+02
  2.0140000e+03	  8.8276894e+01	  1.0900000e+02
  2.0150000e+03	  9.0259598e+01	  1.0900000e+02
  2.0160000e+03	  9.2242294e+01	  1.0900000e+02
  2.0170000e+03	  9.4224998e+01	  1.0900000e+02
  2.0180000e+03	  9.6207703e+01	  1.0900000e+02
  2.0190000e+03	  9.8190407e+01	  1.0900000e+02
  2.0200000e+03	  1.0017311e+02	  1.0900000e+02
  2.0210000e+03	  1.0215581e+02	  1.0900000e+02
  2.0220000e+03	  1.0413851e+02	  1.0900000e+02
  2.0230000e+03	  1.0612122e+02	  1.0900000e+02
  2.0240000e+03	  1.0810392e+02	  1.0900000e+02
  2.0250000e+03	  1.1008662e+02	  1.0900000e+02
  2.0260000e+03	  1.1206933e+02	  1.0900000e+02
  2.0270000e+03	  1.1405202e+02	  1.0900000e+02
  2.0280000e+03	  1.1603473e+02	  1.0900000e+02
  2.0290000e+03	  1.1801743e+02	  1.0900000e+02
  2.0300000e+03	  1.2000013e+02	  1.0900000e+02
  2.0310000e+03	  1.2198283e+02	  1.0900000e+02
  2.0320000e+03	  1.2396554e+02	  1.0900000e+02
  2.0330000e+03	  1.2594824e+02	  1.0900000e+02
  2.0340000e+03	  1.2793095e+02	  1.0900000e+02
  2.0350000e+03	  1.2991365e+02	  1.0900000e+02
  2.0360000e+03	  5.8547432e+01	  1.1100000e+02
  2.0370000e+03	  6.0532295e+01	  1.1100000e+02
  2.0380000e+03	  6.2517162e+01	  1.1100000e+02
  2.0390000e+03	  6.4502029e+01	  1.1100000e+02
  2.0400000e+03	  6.6486893e+01	  1.1100000e+02
  2.0410000e+03	  6.8471756e+01	  1.1100000e+02
  2.0420000e+03	  7.0456619e+01	  1.1100000e+02
  2.0430000e+03	  7.2441490e+01	  1.1100000e+02
  2.0440000e+03	  7.4426353e+01	  1.1100000e+02
  2.0450000e+03	  7.6411217e+01	  1.1100000e+02
  2.0460000e+03	  7.8396080e+01	  1.1100000e+02
  2.0470000e+03	  8.0380943e+01	  1.1100000e+02
  2.0480000e+03	  8.2365807e+01	  1.1100000e+02
  2.0490000e+03	  8.4350677e+01	  1.1100000e+02
  2.0500000e+03	  8.6335541e+01	  1.1100000e+02
  2.0510000e+03	  8.8320404e+01	  1.1100000e+02
  2.0520000e+03	  9.0305275e+01	  1.1100000e+02
  2.0530000e+03	  9.2290138e+01	  1.1100000e+02
  2.0540000e+03	  9.4275002e+01	  1.1100000e+02
  2.0550000e+03	  9.6259865e+01	  1.1100000e+02
  2.0560000e+03	  9.8244728e+01	  1.1100000e+02
  2.0570000e+03	  1.0022959e+02	  1.1100000e+02
  2.0580000e+03	  1.0221446e+02	  1.1100000e+02
  2.0590000e+03	  1.0419933e+02	  1.1100000e+02
  2.0600000e+03	  1.0618419e+02	  1.1100000e+02
  2.0610000e+03	  1.0816905e+02	  1.1100000e+02
  2.0620000e+03	  1.1015392e+02	  1.1100000e+02
  2.0630000e+03	  1.1213879e+02	  1.1100000e+02
  2.0640000e+03	  1.1412365e+02	  1.1100000e+02
  2.0650000e+03	  1.1610851e+02	  1.1100000e+02
  2.0660000e+03	  1.1809338e+02	  1.1100000e+02
  2.0670000e+03	  1.2007824e+02	  1.1100000e+02
  2.0680000e+03	  1.2206310e+02	  1.1100000e+02
  2.0690000e+03	  1.2404797e+02	  1.1100000e+02
  2.0700000e+03	  1.2603284e+02	  1.1100000e+02
  2.0710000e+03	  1.2801770e+02	  1.1100000e+02
  2.0720000e+03	  1.3000256e+02	  1.1100000e+02
  2.0730000e+03	  5.8558514e+01	  1.1300000e+02
  2.0740000e+03	  6.0545540e+01	  1.1300000e+02
  2.0750000e+03	  6.2532566e+01	  1.1300000e+02
  2.0760000e+03	  6.4519592e+01	  1.1300000e+02
  2.0770000e+03	  6.6506622e+01	  1.1300000e+02
  2.0780000e+03	  6.8493652e+01	  1.1300000e+02
  2.0790000e+03	  7.0480675e+01	  1.1300000e+02
  2.0800000e+03	  7.2467705e+01	  1.1300000e+02
  2.0810000e+03	  7.4454727e+01	  1.1300000e+02
  2.0820000e+03	  7.6441757e+01	  1.1300000e+02
  2.0830000e+03	  7.8428780e+01	  1.1300000e+02
  2.0840000e+03	  8.0415810e+01	  1.1300000e+02
  2.0850000e+03	  8.2402840e+01	  1.1300000e+02
  2.0860000e+03	  8.4389862e+01	  1.1300000e+02
  2.0870000e+03	  8.6376892e+01	  1.1300000e+02
  2.0880000e+03	  8.8363922e+01	  1.1300000e+02
  2.0890000e+03	  9.0350945e+01	  1.1300000e+02
  2.0900000e+03	  9.2337975e+01	  1.1300000e+02
  2.0910000e+03	  9.4325005e+01	  1.1300000e+02
  2.0920000e+03	  9.6312027e+01	  1.1300000e+02
  2.0930000e+03	  9.8299049e+01	  1.1300000e+02
  2.0940000e+03	  1.0028608e+02	  1.1300000e+02
  2.0950000e+03	  1.0227311e+02	  1.1300000e+02
  2.0960000e+03	  1.0426013e+02	  1.1300000e+02
  2.0970000e+03	  1.0624716e+02	  1.1300000e+02
  2.0980000e+03	  1.0823419e+02	  1.1300000e+02
  2.0990000e+03	  1.1022121e+02	  1.1300000e+02
  2.1000000e+03	  1.1220824e+02	  1.1300000e+02
  2.1010000e+03	  1.1419527e+02	  1.1300000e+02
  2.1020000e+03	  1.1618230e+02	  1.1300000e+02
  2.1030000e+03	  1.1816933e+02	  1.1300000e+02
  2.1040000e+03	  1.2015635e+02	  1.1300000e+02
  2.1050000e+03	  1.2214338e+02	  1.1300000e+02
  2.1060000e+03	  1.2413040e+02	  1.1300000e+02
  2.1070000e+03	  1.2611743e+02	  1.1300000e+02
  2.1080000e+03	  1.2810446e+02	  1.1300000e+02
  2.1090000e+03	  1.3009148e+02	  1.1300000e+02
  2.1100000e+03	  5.8569595e+01	  1.1500000e+02
  2.1110000e+03	  6.0558784e+01	  1.1500000e+02
  2.1120000e+03	  6.2547974e+01	  1.1500000e+02
  2.1130000e+03	  6.4537163e+01	  1.1500000e+02
  2.1140000e+03	  6.6526352e+01	  1.1500000e+02
  2.1150000e+03	  6.8515541e+01	  1.1500000e+02
  2.1160000e+03	  7.0504730e+01	  1.1500000e+02
  2.1170000e+03	  7.2493919e+01	  1.1500000e+02
  2.1180000e+03	  7.4483109e+01	  1.1500000e+02
  2.1190000e+03	  7.6472298e+01	  1.1500000e+02
  2.1200000e+03	  7.8461487e+01	  1.1500000e+02
  2.1210000e+03	  8.0450676e+01	  1.1500000e+02
  2.1220000e+03	  8.2439865e+01	  1.1500000e+02
  2.1230000e+03	  8.4429054e+01	  1.1500000e+02
  2.1240000e+03	  8.6418243e+01	  1.1500000e+02
  2.1250000e+03	  8.8407433e+01	  1.1500000e+02
  2.1260000e+03	  9.0396622e+01	  1.1500000e+02
  2.1270000e+03	  9.2385811e+01	  1.1500000e+02
  2.1280000e+03	  9.4375000e+01	  1.1500000e+02
  2.1290000e+03	  9.6364189e+01	  1.1500000e+02
  2.1300000e+03	  9.8353378e+01	  1.1500000e+02
  2.1310000e+03	  1.0034257e+02	  1.1500000e+02
  2.1320000e+03	  1.0233176e+02	  1.1500000e+02
  2.1330000e+03	  1.0432095e+02	  1.1500000e+02
  2.1340000e+03	  1.0631013e+02	  1.1500000e+02
  2.1350000e+03	  1.0829932e+02	  1.1500000e+02
  2.1360000e+03	  1.1028851e+02	  1.1500000e+02
  2.1370000e+03	  1.1227770e+02	  1.1500000e+02
  2.1380000e+03	  1.1426689e+02	  1.1500000e+02
  2.1390000e+03	  1.1625608e+02	  1.1500000e+02
  2.1400000e+03	  1.1824527e+02	  1.1500000e+02
  2.1410000e+03	  1.2023446e+02	  1.1500000e+02
  2.1420000e+03	  1.2222365e+02	  1.1500000e+02
  2.1430000e+03	  1.2421284e+02	  1.1500000e+02
  2.1440000e+03	  1.2620203e+02	  1.1500000e+02
  2.1450000e+03	  1.2819122e+02	  1.1500000e+02
  2.1460000e+03	  1.3018040e+02	  1.1500000e+02
  2.1470000e+03	  5.8580677e+01	  1.1700000e+02
  2.1480000e+03	  6.0572025e+01	  1.1700000e+02
  2.1490000e+03	  6.2563377e+01	  1.1700000e+02
  2.1500000e+03	  6.4554733e+01	  1.1700000e+02
  2.1510000e+03	  6.6546082e+01	  1.1700000e+02
  2.1520000e+03	  6.8537430e+01	  1.1700000e+02
  2.1530000e+03	  7.0528786e+01	  1.1700000e+02
  2.1540000e+03	  7.2520134e+01	  1.1700000e+02
  2.1550000e+03	  7.4511482e+01	  1.1700000e+02
  2.1560000e+03	  7.6502838e+01	  1.1700000e+02
  2.1570000e+03	  7.8494194e+01	  1.1700000e+02
  2.1580000e+03	  8.0485542e+01	  1.1700000e+02
  2.1590000e+03	  8.2476891e+01	  1.1700000e+02
  2.1600000e+03	  8.4468246e+01	  1.1700000e+02
  2.1610000e+03	  8.6459595e+01	  1.1700000e+02
  2.1620000e+03	  8.8450943e+01	  1.1700000e+02
  2.1630000e+03	  9.0442299e+01	  1.1700000e+02
  2.1640000e+03	  9.2433647e+01	  1.1700000e+02
  2.1650000e+03	  9.4424995e+01	  1.1700000e+02
  2.1660000e+03	  9.6416351e+01	  1.1700000e+02
  2.1670000e+03	  9.8407707e+01	  1.1700000e+02
  2.1680000e+03	  1.0039906e+02	  1.1700000e+02
  2.1690000e+03	  1.0239040e+02	  1.1700000e+02
  2.1700000e+03	  1.0438176e+02	  1.1700000e+02
  2.1710000e+03	  1.0637311e+02	  1.1700000e+02
  2.1720000e+03	  1.0836446e+02	  1.1700000e+02
  2.1730000e+03	  1.1035581e+02	  1.1700000e+02
  2.1740000e+03	  1.1234716e+02	  1.1700000e+02
  2.1750000e+03	  1.1433851e+02	  1.1700000e+02
  2.1760000e+03	  1.1632986e+02	  1.1700000e+02
  2.1770000e+03	  1.1832122e+02	  1.1700000e+02
  2.1780000e+03	  1.2031257e+02	  1.1700000e+02
  2.1790000e+03	  1.2230392e+02	  1.1700000e+02
  2.1800000e+03	  1.2429527e+02	  1.1700000e+02
  2.1810000e+03	  1.2628662e+02	  1.1700000e+02
  2.1820000e+03	  1.2827797e+02	  1.1700000e+02
  2.1830000e+03	  1.3026932e+02	  1.1700000e+02
  2.1840000e+03	  5.8591755e+01	  1.1900000e+02
  2.1850000e+03	  6.0585270e+01	  1.1900000e+02
  2.1860000e+03	  6.2578781e+01	  1.1900000e+02
  2.1870000e+03	  6.4572296e+01	  1.1900000e+02
  2.1880000e+03	  6.6565811e+01	  1.1900000e+02
  2.1890000e+03	  6.8559326e+01	  1.1900000e+02
  2.1900000e+03	  7.0552841e+01	  1.1900000e+02
  2.1910000e+03	  7.2546349e+01	  1.1900000e+02
  2.1920000e+03	  7.4539864e+01	  1.1900000e+02
  2.1930000e+03	  7.6533379e+01	  1.1900000e+02
  2.1940000e+03	  7.8526894e+01	  1.1900000e+02
  2.1950000e+03	  8.0520409e+01	  1.1900000e+02
  2.1960000e+03	  8.2513924e+01	  1.1900000e+02
  2.1970000e+03	  8.4507431e+01	  1.1900000e+02
  2.1980000e+03	  8.6500946e+01	  1.1900000e+02
  2.1990000e+03	  8.8494461e+01	  1.1900000e+02
  2.2000000e+03	  9.0487968e+01	  1.1900000e+02
  2.2010000e+03	  9.2481483e+01	  1.1900000e+02
  2.2020000e+03	  9.4474998e+01	  1.1900000e+02
  2.2030000e+03	  9.6468513e+01	  1.1900000e+02
  2.2040000e+03	  9.8462029e+01	  1.1900000e+02
  2.2050000e+03	  1.0045554e+02	  1.1900000e+02
  2.2060000e+03	  1.0244905e+02	  1.1900000e+02
  2.2070000e+03	  1.0444257e+02	  1.1900000e+02
  2.2080000e+03	  1.0643608e+02	  1.1900000e+02
  2.2090000e+03	  1.0842960e+02	  1.1900000e+02
  2.2100000e+03	  1.1042311e+02	  1.1900000e+02
  2.2110000e+03	  1.1241662e+02	  1.1900000e+02
  2.2120000e+03	  1.1441013e+02	  1.1900000e+02
  2.2130000e+03	  1.1640365e+02	  1.1900000e+02
  2.2140000e+03	  1.1839716e+02	  1.1900000e+02
  2.2150000e+03	  1.2039068e+02	  1.1900000e+02
  2.2160000e+03	  1.2238419e+02	  1.1900000e+02
  2.2170000e+03	  1.2437770e+02	  1.1900000e+02
  2.2180000e+03	  1.2637122e+02	  1.1900000e+02
  2.2190000e+03	  1.2836473e+02	  1.1900000e+02
  2.2200000e+03	  1.3035825e+02	  1.1900000e+02
  2.2210000e+03	  5.8602837e+01	  1.2100000e+02
  2.2220000e+03	  6.0598511e+01	  1.2100000e+02
  2.2230000e+03	  6.2594189e+01	  1.2100000e+02
  2.2240000e+03	  6.4589867e+01	  1.2100000e+02
  2.2250000e+03	  6.6585541e+01	  1.2100000e+02
  2.2260000e+03	  6.8581215e+01	  1.2100000e+02
  2.2270000e+03	  7.0576889e+01	  1.2100000e+02
  2.2280000e+03	  7.2572563e+01	  1.2100000e+02
  2.2290000e+03	  7.4568245e+01	  1.2100000e+02
  2.2300000e+03	  7.6563919e+01	  1.2100000e+02
  2.2310000e+03	  7.8559593e+01	  1.2100000e+02
  2.2320000e+03	  8.0555275e+01	  1.2100000e+02
  2.2330000e+03	  8.2550949e+01	  1.2100000e+02
  2.2340000e+03	  8.4546623e+01	  1.2100000e+02
  2.2350000e+03	  8.6542297e+01	  1.2100000e+02
  2.2360000e+03	  8.8537971e+01	  1.2100000e+02
  2.2370000e+03	  9.0533646e+01	  1.2100000e+02
  2.2380000e+03	  9.2529320e+01	  1.2100000e+02
  2.2390000e+03	  9.4525002e+01	  1.2100000e+02
  2.2400000e+03	  9.6520676e+01	  1.2100000e+02
  2.2410000e+03	  9.8516350e+01	  1.2100000e+02
  2.2420000e+03	  1.0051203e+02	  1.2100000e+02
  2.2430000e+03	  1.0250771e+02	  1.2100000e+02
  2.2440000e+03	  1.0450338e+02	  1.2100000e+02
  2.2450000e+03	  1.0649905e+02	  1.2100000e+02
  2.2460000e+03	  1.0849473e+02	  1.2100000e+02
  2.2470000e+03	  1.1049040e+02	  1.2100000e+02
  2.2480000e+03	  1.1248608e+02	  1.2100000e+02
  2.2490000e+03	  1.1448176e+02	  1.2100000e+02
  2.2500000e+03	  1.1647743e+02	  1.2100000e+02
  2.2510000e+03	  1.1847311e+02	  1.2100000e+02
  2.2520000e+03	  1.2046878e+02	  1.2100000e+02
  2.2530000e+03	  1.2246446e+02	  1.2100000e+02
  2.2540000e+03	  1.2446014e+02	  1.2100000e+02
  2.2550000e+03	  1.2645581e+02	  1.2100000e+02
  2.2560000e+03	  1.2845149e+02	  1.2100000e+02
  2.2570000e+03	  1.3044716e+02	  1.2100000e+02
  2.2580000e+03	  5.8613918e+01	  1.2300000e+02
  2.2590000e+03	  6.0611755e+01	  1.2300000e+02
  2.2600000e+03	  6.2609592e+01	  1.2300000e+02
  2.2610000e+03	  6.4607430e+01	  1.2300000e+02
  2.2620000e+03	  6.6605270e+01	  1.2300000e+02
  2.2630000e+03	  6.8603104e+01	  1.2300000e+02
  2.2640000e+03	  7.0600945e+01	  1.2300000e+02
  2.2650000e+03	  7.2598785e+01	  1.2300000e+02
  2.2660000e+03	  7.4596619e+01	  1.2300000e+02
  2.2670000e+03	  7.6594460e+01	  1.2300000e+02
  2.2680000e+03	  7.8592300e+01	  1.2300000e+02
  2.2690000e+03	  8.0590134e+01	  1.2300000e+02
  2.2700000e+03	  8.2587975e+01	  1.2300000e+02
  2.2710000e+03	  8.4585815e+01	  1.2300000e+02
  2.2720000e+03	  8.6583649e+01	  1.2300000e+02
  2.2730000e+03	  8.8581482e+01	  1.2300000e+02
  2.2740000e+03	  9.0579323e+01	  1.2300000e+02
  2.2750000e+03	  9.2577164e+01	  1.2300000e+02
  2.2760000e+03	  9.4574997e+01	  1.2300000e+02
  2.2770000e+03	  9.6572838e+01	  1.2300000e+02
  2.2780000e+03	  9.8570679e+01	  1.2300000e+02
  2.2790000e+03	  1.0056851e+02	  1.2300000e+02
  2.2800000e+03	  1.0256635e+02	  1.2300000e+02
  2.2810000e+03	  1.0456419e+02	  1.2300000e+02
  2.2820000e+03	  1.0656203e+02	  1.2300000e+02
  2.2830000e+03	  1.0855986e+02	  1.2300000e+02
  2.2840000e+03	  1.1055770e+02	  1.2300000e+02
  2.2850000e+03	  1.1255554e+02	  1.2300000e+02
  2.2860000e+03	  1.1455338e+02	  1.2300000e+02
  2.2870000e+03	  1.1655122e+02	  1.2300000e+02
  2.2880000e+03	  1.1854906e+02	  1.2300000e+02
  2.2890000e+03	  1.2054689e+02	  1.2300000e+02
  2.2900000e+03	  1.2254473e+02	  1.2300000e+02
  2.2910000e+03	  1.2454257e+02	  1.2300000e+02
  2.2920000e+03	  1.2654041e+02	  1.2300000e+02
  2.2930000e+03	  1.2853824e+02	  1.2300000e+02
  2.2940000e+03	  1.3053609e+02	  1.2300000e+02
  2.2950000e+03	  5.8625000e+01	  1.2500000e+02
  2.2960000e+03	  6.0625000e+01	  1.2500000e+02
  2.2970000e+03	  6.2625000e+01	  1.2500000e+02
  2.2980000e+03	  6.4625000e+01	  1.2500000e+02
  2.2990000e+03	  6.6625000e+01	  1.2500000e+02
  2.3000000e+03	  6.8625000e+01	  1.2500000e+02
  2.3010000e+03	  7.0625000e+01	  1.2500000e+02
  2.3020000e+03	  7.2625000e+01	  1.2500000e+02
  2.3030000e+03	  7.4625000e+01	  1.2500000e+02
  2.3040000e+03	  7.6625000e+01	  1.2500000e+02
  2.3050000e+03	  7.8625000e+01	  1.2500000e+02
  2.3060000e+03	  8.0625000e+01	  1.2500000e+02
  2.3070000e+03	  8.2625000e+01	  1.2500000e+02
  2.3080000e+03	  8.4625000e+01	  1.2500000e+02
  2.3090000e+03	  8.6625000e+01	  1.2500000e+02
  2.3100000e+03	  8.8625000e+01	  1.2500000e+02
  2.3110000e+03	  9.0625000e+01	  1.2500000e+02
  2.3120000e+03	  9.2625000e+01	  1.2500000e+02
  2.3130000e+03	  9.4625000e+01	  1.2500000e+02
  2.3140000e+03	  9.6625000e+01	  1.2500000e+02
  2.3150000e+03	  9.8625000e+01	  1.2500000e+02
  2.3160000e+03	  1.0062500e+02	  1.2500000e+02
  2.3170000e+03	  1.0262500e+02	  1.2500000e+02
  2.3180000e+03	  1.0462500e+02	  1.2500000e+02
  2.3190000e+03	  1.0662500e+02	  1.2500000e+02
  2.3200000e+03	  1.0862500e+02	  1.2500000e+02
  2.3210000e+03	  1.1062500e+02	  1.2500000e+02
  2.3220000e+03	  1.1262500e+02	  1.2500000e+02
  2.3230000e+03	  1.1462500e+02	  1.2500000e+02
  2.3240000e+03	  1.1662500e+02	  1.2500000e+02
  2.3250000e+03	  1.1862500e+02	  1.2500000e+02
  2.3260000e+03	  1.2062500e+02	  1.2500000e+02
  2.3270000e+03	  1.2262500e+02	  1.2500000e+02
  2.3280000e+03	  1.2462500e+02	  1.2500000e+02
  2.3290000e+03	  1.2662500e+02	  1.2500000e+02
  2.3300000e+03	  1.2862500e+02	  1.2500000e+02
  2.3310000e+03	  1.3062500e+02	  1.2500000e+02
  2.3320000e+03	  5.8636082e+01	  1.2700000e+02
  2.3330000e+03	  6.0638245e+01	  1.2700000e+02
  2.3340000e+03	  6.2640408e+01	  1.2700000e+02
  2.3350000e+03	  6.4642570e+01	  1.2700000e+02
  2.3360000e+03	  6.6644730e+01	  1.2700000e+02
  2.3370000e+03	  6.8646896e+01	  1.2700000e+02
  2.3380000e+03	  7.0649055e+01	  1.2700000e+02
  2.3390000e+03	  7.2651215e+01	  1.2700000e+02
  2.3400000e+03	  7.4653381e+01	  1.2700000e+02
  2.3410000e+03	  7.6655540e+01	  1.2700000e+02
  2.3420000e+03	  7.8657700e+01	  1.2700000e+02
  2.3430000e+03	  8.0659866e+01	  1.2700000e+02
  2.3440000e+03	  8.2662025e+01	  1.2700000e+02
  2.3450000e+03	  8.4664185e+01	  1.2700000e+02
  2.3460000e+03	  8.6666351e+01	  1.2700000e+02
  2.3470000e+03	  8.8668518e+01	  1.2700000e+02
  2.3480000e+03	  9.0670677e+01	  1.2700000e+02
  2.3490000e+03	  9.2672836e+01	  1.2700000e+02
  2.3500000e+03	  9.4675003e+01	  1.2700000e+02
  2.3510000e+03	  9.6677162e+01	  1.2700000e+02
  2.3520000e+03	  9.8679321e+01	  1.2700000e+02
  2.3530000e+03	  1.0068149e+02	  1.2700000e+02
  2.3540000e+03	  1.0268365e+02	  1.2700000e+02
  2.3550000e+03	  1.0468581e+02	  1.2700000e+02
  2.3560000e+03	  1.0668797e+02	  1.2700000e+02
  2.3570000e+03	  1.0869014e+02	  1.2700000e+02
  2.3580000e+03	  1.1069230e+02	  1.2700000e+02
  2.3590000e+03	  1.1269446e+02	  1.2700000e+02
  2.3600000e+03	  1.1469662e+02	  1.2700000e+02
  2.3610000e+03	  1.1669878e+02	  1.2700000e+02
  2.3620000e+03	  1.1870094e+02	  1.2700000e+02
  2.3630000e+03	  1.2070311e+02	  1.2700000e+02
  2.3640000e+03	  1.2270527e+02	  1.2700000e+02
  2.3650000e+03	  1.2470743e+02	  1.2700000e+02
  2.3660000e+03	  1.2670959e+02	  1.2700000e+02
  2.3670000e+03	  1.2871176e+02	  1.2700000e+02
  2.3680000e+03	  1.3071391e+02	  1.2700000e+02
  2.3690000e+03	  5.8647163e+01	  1.2900000e+02
  2.3700000e+03	  6.0651489e+01	  1.2900000e+02
  2.3710000e+03	  6.2655811e+01	  1.2900000e+02
  2.3720000e+03	  6.4660133e+01	  1.2900000e+02
  2.3730000e+03	  6.6664459e+01	  1.2900000e+02
  2.3740000e+03	  6.8668785e+01	  1.2900000e+02
  2.3750000e+03	  7.0673111e+01	  1.2900000e+02
  2.3760000e+03	  7.2677437e+01	  1.2900000e+02
  2.3770000e+03	  7.4681755e+01	  1.2900000e+02
  2.3780000e+03	  7.6686081e+01	  1.2900000e+02
  2.3790000e+03	  7.8690407e+01	  1.2900000e+02
  2.3800000e+03	  8.0694725e+01	  1.2900000e+02
  2.3810000e+03	  8.2699051e+01	  1.2900000e+02
  2.3820000e+03	  8.4703377e+01	  1.2900000e+02
  2.3830000e+03	  8.6707703e+01	  1.2900000e+02
  2.3840000e+03	  8.8712029e+01	  1.2900000e+02
  2.3850000e+03	  9.0716354e+01	  1.2900000e+02
  2.3860000e+03	  9.2720680e+01	  1.2900000e+02
  2.3870000e+03	  9.4724998e+01	  1.2900000e+02
  2.3880000e+03	  9.6729324e+01	  1.2900000e+02
  2.3890000e+03	  9.8733650e+01	  1.2900000e+02
  2.3900000e+03	  1.0073797e+02	  1.2900000e+02
  2.3910000e+03	  1.0274229e+02	  1.2900000e+02
  2.3920000e+03	  1.0474662e+02	  1.2900000e+02
  2.3930000e+03	  1.0675095e+02	  1.2900000e+02
  2.3940000e+03	  1.0875527e+02	  1.2900000e+02
  2.3950000e+03	  1.1075960e+02	  1.2900000e+02
  2.3960000e+03	  1.1276392e+02	  1.2900000e+02
  2.3970000e+03	  1.1476824e+02	  1.2900000e+02
  2.3980000e+03	  1.1677257e+02	  1.2900000e+02
  2.3990000e+03	  1.1877689e+02	  1.2900000e+02
  2.4000000e+03	  1.2078122e+02	  1.2900000e+02
  2.4010000e+03	  1.2278554e+02	  1.2900000e+02
  2.4020000e+03	  1.2478986e+02	  1.2900000e+02
  2.4030000e+03	  1.2679419e+02	  1.2900000e+02
  2.4040000e+03	  1.2879851e+02	  1.2900000e+02
  2.4050000e+03	  1.3080284e+02	  1.2900000e+02
  2.4060000e+03	  5.8658245e+01	  1.3100000e+02
  2.4070000e+03	  6.0664730e+01	  1.3100000e+02
  2.4080000e+03	  6.2671219e+01	  1.3100000e+02
  2.4090000e+03	  6.4677704e+01	  1.3100000e+02
  2.4100000e+03	  6.6684189e+01	  1.3100000e+02
  2.4110000e+03	  6.8690674e+01	  1.3100000e+02
  2.4120000e+03	  7.0697159e+01	  1.3100000e+02
  2.4130000e+03	  7.2703651e+01	  1.3100000e+02
  2.4140000e+03	  7.4710136e+01	  1.3100000e+02
  2.4150000e+03	  7.6716621e+01	  1.3100000e+02
  2.4160000e+03	  7.8723106e+01	  1.3100000e+02
  2.4170000e+03	  8.0729591e+01	  1.3100000e+02
  2.4180000e+03	  8.2736076e+01	  1.3100000e+02
  2.4190000e+03	  8.4742569e+01	  1.3100000e+02
  2.4200000e+03	  8.6749054e+01	  1.3100000e+02
  2.4210000e+03	  8.8755539e+01	  1.3100000e+02
  2.4220000e+03	  9.0762032e+01	  1.3100000e+02
  2.4230000e+03	  9.2768517e+01	  1.3100000e+02
  2.4240000e+03	  9.4775002e+01	  1.3100000e+02
  2.4250000e+03	  9.6781487e+01	  1.3100000e+02
  2.4260000e+03	  9.8787971e+01	  1.3100000e+02
  2.4270000e+03	  1.0079446e+02	  1.3100000e+02
  2.4280000e+03	  1.0280095e+02	  1.3100000e+02
  2.4290000e+03	  1.0480743e+02	  1.3100000e+02
  2.4300000e+03	  1.0681392e+02	  1.3100000e+02
  2.4310000e+03	  1.0882040e+02	  1.3100000e+02
  2.4320000e+03	  1.1082689e+02	  1.3100000e+02
  2.4330000e+03	  1.1283338e+02	  1.3100000e+02
  2.4340000e+03	  1.1483987e+02	  1.3100000e+02
  2.4350000e+03	  1.1684635e+02	  1.3100000e+02
  2.4360000e+03	  1.1885284e+02	  1.3100000e+02
  2.4370000e+03	  1.2085932e+02	  1.3100000e+02
  2.4380000e+03	  1.2286581e+02	  1.3100000e+02
  2.4390000e+03	  1.2487230e+02	  1.3100000e+02
  2.4400000e+03	  1.2687878e+02	  1.3100000e+02
  2.4410000e+03	  1.2888527e+02	  1.3100000e+02
  2.4420000e+03	  1.3089175e+02	  1.3100000e+02
  2.4430000e+03	  5.8669323e+01	  1.3300000e+02
  2.4440000e+03	  6.0677975e+01	  1.3300000e+02
  2.4450000e+03	  6.2686623e+01	  1.3300000e+02
  2.4460000e+03	  6.4695267e+01	  1.3300000e+02
  2.4470000e+03	  6.6703918e+01	  1.3300000e+02
  2.4480000e+03	  6.8712570e+01	  1.3300000e+02
  2.4490000e+03	  7.0721214e+01	  1.3300000e+02
  2.4500000e+03	  7.2729866e+01	  1.3300000e+02
  2.4510000e+03	  7.4738518e+01	  1.3300000e+02
  2.4520000e+03	  7.6747162e+01	  1.3300000e+02
  2.4530000e+03	  7.8755806e+01	  1.3300000e+02
  2.4540000e+03	  8.0764458e+01	  1.3300000e+02
  2.4550000e+03	  8.2773109e+01	  1.3300000e+02
  2.4560000e+03	  8.4781754e+01	  1.3300000e+02
  2.4570000e+03	  8.6790405e+01	  1.3300000e+02
  2.4580000e+03	  8.8799057e+01	  1.3300000e+02
  2.4590000e+03	  9.0807701e+01	  1.3300000e+02
  2.4600000e+03	  9.2816353e+01	  1.3300000e+02
  2.4610000e+03	  9.4825005e+01	  1.3300000e+02
  2.4620000e+03	  9.6833649e+01	  1.3300000e+02
  2.4630000e+03	  9.8842293e+01	  1.3300000e+02
  2.4640000e+03	  1.0085094e+02	  1.3300000e+02
  2.4650000e+03	  1.0285960e+02	  1.3300000e+02
  2.4660000e+03	  1.0486824e+02	  1.3300000e+02
  2.4670000e+03	  1.0687689e+02	  1.3300000e+02
  2.4680000e+03	  1.0888554e+02	  1.3300000e+02
  2.4690000e+03	  1.1089419e+02	  1.3300000e+02
  2.4700000e+03	  1.1290284e+02	  1.3300000e+02
  2.4710000e+03	  1.1491149e+02	  1.3300000e+02
  2.4720000e+03	  1.1692014e+02	  1.3300000e+02
  2.4730000e+03	  1.1892878e+02	  1.3300000e+02
  2.4740000e+03	  1.2093743e+02	  1.3300000e+02
  2.4750000e+03	  1.2294608e+02	  1.3300000e+02
  2.4760000e+03	  1.2495473e+02	  1.3300000e+02
  2.4770000e+03	  1.2696338e+02	  1.3300000e+02
  2.4780000e+03	  1.2897203e+02	  1.3300000e+02
  2.4790000e+03	  1.3098068e+02	  1.3300000e+02
  2.4800000e+03	  5.8680405e+01	  1.3500000e+02
  2.4810000e+03	  6.0691216e+01	  1.3500000e+02
  2.4820000e+03	  6.2702026e+01	  1.3500000e+02
  2.4830000e+03	  6.4712837e+01	  1.3500000e+02
  2.4840000e+03	  6.6723648e+01	  1.3500000e+02
  2.4850000e+03	  6.8734459e+01	  1.3500000e+02
  2.4860000e+03	  7.0745270e+01	  1.3500000e+02
  2.4870000e+03	  7.2756081e+01	  1.3500000e+02
  2.4880000e+03	  7.4766891e+01	  1.3500000e+02
  2.4890000e+03	  7.6777702e+01	  1.3500000e+02
  2.4900000e+03	  7.8788513e+01	  1.3500000e+02
  2.4910000e+03	  8.0799324e+01	  1.3500000e+02
  2.4920000e+03	  8.2810135e+01	  1.3500000e+02
  2.4930000e+03	  8.4820946e+01	  1.3500000e+02
  2.4940000e+03	  8.6831757e+01	  1.3500000e+02
  2.4950000e+03	  8.8842567e+01	  1.3500000e+02
  2.4960000e+03	  9.0853378e+01	  1.3500000e+02
  2.4970000e+03	  9.2864189e+01	  1.3500000e+02
  2.4980000e+03	  9.4875000e+01	  1.3500000e+02
  2.4990000e+03	  9.6885811e+01	  1.3500000e+02
  2.5000000e+03	  9.8896622e+01	  1.3500000e+02
  2.5010000e+03	  1.0090743e+02	  1.3500000e+02
  2.5020000e+03	  1.0291824e+02	  1.3500000e+02
  2.5030000e+03	  1.0492905e+02	  1.3500000e+02
  2.5040000e+03	  1.0693987e+02	  1.3500000e+02
  2.5050000e+03	  1.0895068e+02	  1.3500000e+02
  2.5060000e+03	  1.1096149e+02	  1.3500000e+02
  2.5070000e+03	  1.1297230e+02	  1.3500000e+02
  2.5080000e+03	  1.1498311e+02	  1.3500000e+02
  2.5090000e+03	  1.1699392e+02	  1.3500000e+02
  2.5100000e+03	  1.1900473e+02	  1.3500000e+02
  2.5110000e+03	  1.2101554e+02	  1.3500000e+02
  2.5120000e+03	  1.2302635e+02	  1.3500000e+02
  2.5130000e+03	  1.2503716e+02	  1.3500000e+02
  2.5140000e+03	  1.2704797e+02	  1.3500000e+02
  2.5150000e+03	  1.2905879e+02	  1.3500000e+02
  2.5160000e+03	  1.3106960e+02	  1.3500000e+02
  2.5170000e+03	  5.8691486e+01	  1.3700000e+02
  2.5180000e+03	  6.0704460e+01	  1.3700000e+02
  2.5190000e+03	  6.2717434e+01	  1.3700000e+02
  2.5200000e+03	  6.4730408e+01	  1.3700000e+02
  2.5210000e+03	  6.6743378e+01	  1.3700000e+02
  2.5220000e+03	  6.8756348e+01	  1.3700000e+02
  2.5230000e+03	  7.0769325e+01	  1.3700000e+02
  2.5240000e+03	  7.2782295e+01	  1.3700000e+02
  2.5250000e+03	  7.4795273e+01	  1.3700000e+02
  2.5260000e+03	  7.6808243e+01	  1.3700000e+02
  2.5270000e+03	  7.8821220e+01	  1.3700000e+02
  2.5280000e+03	  8.0834190e+01	  1.3700000e+02
  2.5290000e+03	  8.2847160e+01	  1.3700000e+02
  2.5300000e+03	  8.4860138e+01	  1.3700000e+02
  2.5310000e+03	  8.6873108e+01	  1.3700000e+02
  2.5320000e+03	  8.8886078e+01	  1.3700000e+02
  2.5330000e+03	  9.0899055e+01	  1.3700000e+02
  2.5340000e+03	  9.2912025e+01	  1.3700000e+02
  2.5350000e+03	  9.4924995e+01	  1.3700000e+02
  2.5360000e+03	  9.6937973e+01	  1.3700000e+02
  2.5370000e+03	  9.8950951e+01	  1.3700000e+02
  2.5380000e+03	  1.0096392e+02	  1.3700000e+02
  2.5390000e+03	  1.0297689e+02	  1.3700000e+02
  2.5400000e+03	  1.0498987e+02	  1.3700000e+02
  2.5410000e+03	  1.0700284e+02	  1.3700000e+02
  2.5420000e+03	  1.0901581e+02	  1.3700000e+02
  2.5430000e+03	  1.1102879e+02	  1.3700000e+02
  2.5440000e+03	  1.1304176e+02	  1.3700000e+02
  2.5450000e+03	  1.1505473e+02	  1.3700000e+02
  2.5460000e+03	  1.1706770e+02	  1.3700000e+02
  2.5470000e+03	  1.1908067e+02	  1.3700000e+02
  2.5480000e+03	  1.2109365e+02	  1.3700000e+02
  2.5490000e+03	  1.2310662e+02	  1.3700000e+02
  2.5500000e+03	  1.2511960e+02	  1.3700000e+02
  2.5510000e+03	  1.2713257e+02	  1.3700000e+02
  2.5520000e+03	  1.2914554e+02	  1.3700000e+02
  2.5530000e+03	  1.3115852e+02	  1.3700000e+02
  2.5540000e+03	  5.8702568e+01	  1.3900000e+02
  2.5550000e+03	  6.0717705e+01	  1.3900000e+02
  2.5560000e+03	  6.2732838e+01	  1.3900000e+02
  2.5570000e+03	  6.4747971e+01	  1.3900000e+02
  2.5580000e+03	  6.6763107e+01	  1.3900000e+02
  2.5590000e+03	  6.8778244e+01	  1.3900000e+02
  2.5600000e+03	  7.0793381e+01	  1.3900000e+02
  2.5610000e+03	  7.2808510e+01	  1.3900000e+02
  2.5620000e+03	  7.4823647e+01	  1.3900000e+02
  2.5630000e+03	  7.6838783e+01	  1.3900000e+02
  2.5640000e+03	  7.8853920e+01	  1.3900000e+02
  2.5650000e+03	  8.0869057e+01	  1.3900000e+02
  2.5660000e+03	  8.2884193e+01	  1.3900000e+02
  2.5670000e+03	  8.4899323e+01	  1.3900000e+02
  2.5680000e+03	  8.6914459e+01	  1.3900000e+02
  2.5690000e+03	  8.8929596e+01	  1.3900000e+02
  2.5700000e+03	  9.0944725e+01	  1.3900000e+02
  2.5710000e+03	  9.2959862e+01	  1.3900000e+02
  2.5720000e+03	  9.4974998e+01	  1.3900000e+02
  2.5730000e+03	  9.6990135e+01	  1.3900000e+02
  2.5740000e+03	  9.9005272e+01	  1.3900000e+02
  2.5750000e+03	  1.0102041e+02	  1.3900000e+02
  2.5760000e+03	  1.0303554e+02	  1.3900000e+02
  2.5770000e+03	  1.0505067e+02	  1.3900000e+02
  2.5780000e+03	  1.0706581e+02	  1.3900000e+02
  2.5790000e+03	  1.0908095e+02	  1.3900000e+02
  2.5800000e+03	  1.1109608e+02	  1.3900000e+02
  2.5810000e+03	  1.1311121e+02	  1.3900000e+02
  2.5820000e+03	  1.1512635e+02	  1.3900000e+02
  2.5830000e+03	  1.1714149e+02	  1.3900000e+02
  2.5840000e+03	  1.1915662e+02	  1.3900000e+02
  2.5850000e+03	  1.2117176e+02	  1.3900000e+02
  2.5860000e+03	  1.2318690e+02	  1.3900000e+02
  2.5870000e+03	  1.2520203e+02	  1.3900000e+02
  2.5880000e+03	  1.2721716e+02	  1.3900000e+02
  2.5890000e+03	  1.2923230e+02	  1.3900000e+02
  2.5900000e+03	  1.3124744e+02	  1.3900000e+02
  2.5910000e+03	  5.8713650e+01	  1.4100000e+02
  2.5920000e+03	  6.0730946e+01	  1.4100000e+02
  2.5930000e+03	  6.2748245e+01	  1.4100000e+02
  2.5940000e+03	  6.4765541e+01	  1.4100000e+02
  2.5950000e+03	  6.6782837e+01	  1.4100000e+02
  2.5960000e+03	  6.8800133e+01	  1.4100000e+02
  2.5970000e+03	  7.0817429e+01	  1.4100000e+02
  2.5980000e+03	  7.2834724e+01	  1.4100000e+02
  2.5990000e+03	  7.4852028e+01	  1.4100000e+02
  2.6000000e+03	  7.6869324e+01	  1.4100000e+02
  2.6010000e+03	  7.8886620e+01	  1.4100000e+02
  2.6020000e+03	  8.0903923e+01	  1.4100000e+02
  2.6030000e+03	  8.2921219e+01	  1.4100000e+02
  2.6040000e+03	  8.4938515e+01	  1.4100000e+02
  2.6050000e+03	  8.6955811e+01	  1.4100000e+02
  2.6060000e+03	  8.8973106e+01	  1.4100000e+02
  2.6070000e+03	  9.0990402e+01	  1.4100000e+02
  2.6080000e+03	  9.3007706e+01	  1.4100000e+02
  2.6090000e+03	  9.5025002e+01	  1.4100000e+02
  2.6100000e+03	  9.7042297e+01	  1.4100000e+02
  2.6110000e+03	  9.9059593e+01	  1.4100000e+02
  2.6120000e+03	  1.0107689e+02	  1.4100000e+02
  2.6130000e+03	  1.0309419e+02	  1.4100000e+02
  2.6140000e+03	  1.0511149e+02	  1.4100000e+02
  2.6150000e+03	  1.0712878e+02	  1.4100000e+02
  2.6160000e+03	  1.0914608e+02	  1.4100000e+02
  2.6170000e+03	  1.1116338e+02	  1.4100000e+02
  2.6180000e+03	  1.1318067e+02	  1.4100000e+02
  2.6190000e+03	  1.1519798e+02	  1.4100000e+02
  2.6200000e+03	  1.1721527e+02	  1.4100000e+02
  2.6210000e+03	  1.1923257e+02	  1.4100000e+02
  2.6220000e+03	  1.2124987e+02	  1.4100000e+02
  2.6230000e+03	  1.2326717e+02	  1.4100000e+02
  2.6240000e+03	  1.2528446e+02	  1.4100000e+02
  2.6250000e+03	  1.2730176e+02	  1.4100000e+02
  2.6260000e+03	  1.2931906e+02	  1.4100000e+02
  2.6270000e+03	  1.3133635e+02	  1.4100000e+02
  2.6280000e+03	  5.8724731e+01	  1.4300000e+02
  2.6290000e+03	  6.0744190e+01	  1.4300000e+02
  2.6300000e+03	  6.2763649e+01	  1.4300000e+02
  2.6310000e+03	  6.4783112e+01	  1.4300000e+02
  2.6320000e+03	  6.6802567e+01	  1.4300000e+02
  2.6330000e+03	  6.8822029e+01	  1.4300000e+02
  2.6340000e+03	  7.0841484e+01	  1.4300000e+02
  2.6350000e+03	  7.2860947e+01	  1.4300000e+02
  2.6360000e+03	  7.4880402e+01	  1.4300000e+02
  2.6370000e+03	  7.6899864e+01	  1.4300000e+02
  2.6380000e+03	  7.8919327e+01	  1.4300000e+02
  2.6390000e+03	  8.0938782e+01	  1.4300000e+02
  2.6400000e+03	  8.2958244e+01	  1.4300000e+02
  2.6410000e+03	  8.4977707e+01	  1.4300000e+02
  2.6420000e+03	  8.6997162e+01	  1.4300000e+02
  2.6430000e+03	  8.9016617e+01	  1.4300000e+02
  2.6440000e+03	  9.1036079e+01	  1.4300000e+02
  2.6450000e+03	  9.3055542e+01	  1.4300000e+02
  2.6460000e+03	  9.5074997e+01	  1.4300000e+02
  2.6470000e+03	  9.7094460e+01	  1.4300000e+02
  2.6480000e+03	  9.9113922e+01	  1.4300000e+02
  2.6490000e+03	  1.0113338e+02	  1.4300000e+02
  2.6500000e+03	  1.0315284e+02	  1.4300000e+02
  2.6510000e+03	  1.0517230e+02	  1.4300000e+02
  2.6520000e+03	  1.0719176e+02	  1.4300000e+02
  2.6530000e+03	  1.0921121e+02	  1.4300000e+02
  2.6540000e+03	  1.1123067e+02	  1.4300000e+02
  2.6550000e+03	  1.1325014e+02	  1.4300000e+02
  2.6560000e+03	  1.1526959e+02	  1.4300000e+02
  2.6570000e+03	  1.1728905e+02	  1.4300000e+02
  2.6580000e+03	  1.1930852e+02	  1.4300000e+02
  2.6590000e+03	  1.2132797e+02	  1.4300000e+02
  2.6600000e+03	  1.2334743e+02	  1.4300000e+02
  2.6610000e+03	  1.2536689e+02	  1.4300000e+02
  2.6620000e+03	  1.2738635e+02	  1.4300000e+02
  2.6630000e+03	  1.2940581e+02	  1.4300000e+02
  2.6640000e+03	  1.3142526e+02	  1.4300000e+02
  2.6650000e+03	  5.8735809e+01	  1.4500000e+02
  2.6660000e+03	  6.0757431e+01	  1.4500000e+02
  2.6670000e+03	  6.2779053e+01	  1.4500000e+02
  2.6680000e+03	  6.4800674e+01	  1.4500000e+02
  2.6690000e+03	  6.6822296e+01	  1.4500000e+02
  2.6700000e+03	  6.8843918e+01	  1.4500000e+02
  2.6710000e+03	  7.0865540e+01	  1.4500000e+02
  2.6720000e+03	  7.2887161e+01	  1.4500000e+02
  2.6730000e+03	  7.4908783e+01	  1.4500000e+02
  2.6740000e+03	  7.6930405e+01	  1.4500000e+02
  2.6750000e+03	  7.8952026e+01	  1.4500000e+02
  2.6760000e+03	  8.0973648e+01	  1.4500000e+02
  2.6770000e+03	  8.2995270e+01	  1.4500000e+02
  2.6780000e+03	  8.5016891e+01	  1.4500000e+02
  2.6790000e+03	  8.7038513e+01	  1.4500000e+02
  2.6800000e+03	  8.9060135e+01	  1.4500000e+02
  2.6810000e+03	  9.1081757e+01	  1.4500000e+02
  2.6820000e+03	  9.3103378e+01	  1.4500000e+02
  2.6830000e+03	  9.5125000e+01	  1.4500000e+02
  2.6840000e+03	  9.7146622e+01	  1.4500000e+02
  2.6850000e+03	  9.9168243e+01	  1.4500000e+02
  2.6860000e+03	  1.0118987e+02	  1.4500000e+02
  2.6870000e+03	  1.0321149e+02	  1.4500000e+02
  2.6880000e+03	  1.0523311e+02	  1.4500000e+02
  2.6890000e+03	  1.0725473e+02	  1.4500000e+02
  2.6900000e+03	  1.0927635e+02	  1.4500000e+02
  2.6910000e+03	  1.1129797e+02	  1.4500000e+02
  2.6920000e+03	  1.1331960e+02	  1.4500000e+02
  2.6930000e+03	  1.1534122e+02	  1.4500000e+02
  2.6940000e+03	  1.1736284e+02	  1.4500000e+02
  2.6950000e+03	  1.1938446e+02	  1.4500000e+02
  2.6960000e+03	  1.2140608e+02	  1.4500000e+02
  2.6970000e+03	  1.2342770e+02	  1.4500000e+02
  2.6980000e+03	  1.2544933e+02	  1.4500000e+02
  2.6990000e+03	  1.2747095e+02	  1.4500000e+02
  2.7000000e+03	  1.2949257e+02	  1.4500000e+02
  2.7010000e+03	  1.3151419e+02	  1.4500000e+02
  2.7020000e+03	  5.8746891e+01	  1.4700000e+02
  2.7030000e+03	  6.0770676e+01	  1.4700000e+02
  2.7040000e+03	  6.2794460e+01	  1.4700000e+02
  2.7050000e+03	  6.4818245e+01	  1.4700000e+02
  2.7060000e+03	  6.6842026e+01	  1.4700000e+02
  2.7070000e+03	  6.8865814e+01	  1.4700000e+02
  2.7080000e+03	  7.0889595e+01	  1.4700000e+02
  2.7090000e+03	  7.2913376e+01	  1.4700000e+02
  2.7100000e+03	  7.4937164e+01	  1.4700000e+02
  2.7110000e+03	  7.6960945e+01	  1.4700000e+02
  2.7120000e+03	  7.8984726e+01	  1.4700000e+02
  2.7130000e+03	  8.1008514e+01	  1.4700000e+02
  2.7140000e+03	  8.3032295e+01	  1.4700000e+02
  2.7150000e+03	  8.5056084e+01	  1.4700000e+02
  2.7160000e+03	  8.7079865e+01	  1.4700000e+02
  2.7170000e+03	  8.9103653e+01	  1.4700000e+02
  2.7180000e+03	  9.1127434e+01	  1.4700000e+02
  2.7190000e+03	  9.3151215e+01	  1.4700000e+02
  2.7200000e+03	  9.5175003e+01	  1.4700000e+02
  2.7210000e+03	  9.7198784e+01	  1.4700000e+02
  2.7220000e+03	  9.9222565e+01	  1.4700000e+02
  2.7230000e+03	  1.0124635e+02	  1.4700000e+02
  2.7240000e+03	  1.0327013e+02	  1.4700000e+02
  2.7250000e+03	  1.0529391e+02	  1.4700000e+02
  2.7260000e+03	  1.0731770e+02	  1.4700000e+02
  2.7270000e+03	  1.0934148e+02	  1.4700000e+02
  2.7280000e+03	  1.1136527e+02	  1.4700000e+02
  2.7290000e+03	  1.1338905e+02	  1.4700000e+02
  2.7300000e+03	  1.1541284e+02	  1.4700000e+02
  2.7310000e+03	  1.1743662e+02	  1.4700000e+02
  2.7320000e+03	  1.1946040e+02	  1.4700000e+02
  2.7330000e+03	  1.2148419e+02	  1.4700000e+02
  2.7340000e+03	  1.2350797e+02	  1.4700000e+02
  2.7350000e+03	  1.2553175e+02	  1.4700000e+02
  2.7360000e+03	  1.2755554e+02	  1.4700000e+02
  2.7370000e+03	  1.2957933e+02	  1.4700000e+02
  2.7380000e+03	  1.3160310e+02	  1.4700000e+02
  2.7390000e+03	  5.8757973e+01	  1.4900000e+02
  2.7400000e+03	  6.0783920e+01	  1.4900000e+02
  2.7410000e+03	  6.2809864e+01	  1.4900000e+02
  2.7420000e+03	  6.4835815e+01	  1.4900000e+02
  2.7430000e+03	  6.6861755e+01	  1.4900000e+02
  2.7440000e+03	  6.8887703e+01	  1.4900000e+02
  2.7450000e+03	  7.0913651e+01	  1.4900000e+02
  2.7460000e+03	  7.2939598e+01	  1.4900000e+02
  2.7470000e+03	  7.4965538e+01	  1.4900000e+02
  2.7480000e+03	  7.6991486e+01	  1.4900000e+02
  2.7490000e+03	  7.9017433e+01	  1.4900000e+02
  2.7500000e+03	  8.1043381e+01	  1.4900000e+02
  2.7510000e+03	  8.3069321e+01	  1.4900000e+02
  2.7520000e+03	  8.5095268e+01	  1.4900000e+02
  2.7530000e+03	  8.7121216e+01	  1.4900000e+02
  2.7540000e+03	  8.9147163e+01	  1.4900000e+02
  2.7550000e+03	  9.1173111e+01	  1.4900000e+02
  2.7560000e+03	  9.3199059e+01	  1.4900000e+02
  2.7570000e+03	  9.5224998e+01	  1.4900000e+02
  2.7580000e+03	  9.7250946e+01	  1.4900000e+02
  2.7590000e+03	  9.9276894e+01	  1.4900000e+02
  2.7600000e+03	  1.0130283e+02	  1.4900000e+02
  2.7610000e+03	  1.0332878e+02	  1.4900000e+02
  2.7620000e+03	  1.0535473e+02	  1.4900000e+02
  2.7630000e+03	  1.0738068e+02	  1.4900000e+02
  2.7640000e+03	  1.0940662e+02	  1.4900000e+02
  2.7650000e+03	  1.1143257e+02	  1.4900000e+02
  2.7660000e+03	  1.1345852e+02	  1.4900000e+02
  2.7670000e+03	  1.1548446e+02	  1.4900000e+02
  2.7680000e+03	  1.1751041e+02	  1.4900000e+02
  2.7690000e+03	  1.1953635e+02	  1.4900000e+02
  2.7700000e+03	  1.2156229e+02	  1.4900000e+02
  2.7710000e+03	  1.2358824e+02	  1.4900000e+02
  2.7720000e+03	  1.2561419e+02	  1.4900000e+02
  2.7730000e+03	  1.2764014e+02	  1.4900000e+02
  2.7740000e+03	  1.2966608e+02	  1.4900000e+02
  2.7750000e+03	  1.3169203e+02	  1.4900000e+02
