  1.1510000e+03	  1.0000000e+00
  1.1520000e+03	  1.0000000e+00
  1.1530000e+03	  4.7799259e-01
  1.1540000e+03	  9.1325447e-02
  1.1550000e+03	  1.0171650e-01
  1.1560000e+03	  7.5536750e-02
  1.1570000e+03	  8.5227080e-02
  1.1580000e+03	  6.8231389e-02
  1.1590000e+03	  7.2446547e-02
  1.1600000e+03	  5.2852139e-02
  1.1610000e+03	  5.2250531e-02
  1.1620000e+03	  4.1750859e-02
  1.1630000e+03	  3.9472040e-02
  1.1640000e+03	  3.7889458e-02
  1.1650000e+03	  3.6161821e-02
  1.1660000e+03	  3.3221260e-02
  1.1670000e+03	  3.0030960e-02
  1.1680000e+03	  3.6733009e-02
  1.1690000e+03	  2.9514510e-02
  1.1700000e+03	  5.5055581e-02
  1.1710000e+03	  1.0766320e-01
  1.1720000e+03	  3.5024390e-01
  1.1730000e+03	  5.3696769e-01
  1.1740000e+03	  9.6903139e-01
  1.1750000e+03	  1.0000000e+00
  1.1760000e+03	  1.0000000e+00
  1.1770000e+03	  1.0000000e+00
  1.1780000e+03	  1.0000000e+00
  1.1790000e+03	  1.0000000e+00
  1.1800000e+03	  1.0000000e+00
  1.1810000e+03	  1.0000000e+00
  1.1820000e+03	  1.0000000e+00
  1.1830000e+03	  1.0000000e+00
  1.1840000e+03	  1.0000000e+00
  1.1850000e+03	  1.0000000e+00
  1.1860000e+03	  1.0000000e+00
  1.1870000e+03	  1.0000000e+00
  1.1880000e+03	  1.0000000e+00
  1.1890000e+03	  1.0000000e+00
  1.1900000e+03	  1.0000000e+00
  1.1910000e+03	  1.0000000e+00
  1.1920000e+03	  1.0000000e+00
  1.1930000e+03	  1.0000000e+00
  1.1940000e+03	  1.0000000e+00
  1.1950000e+03	  1.0000000e+00
  1.1960000e+03	  1.0000000e+00
  1.1970000e+03	  1.0000000e+00
  1.1980000e+03	  1.0000000e+00
  1.1990000e+03	  3.7774861e-01
  1.2000000e+03	  2.6628429e-02
  1.2010000e+03	  1.0000000e-03
  1.2020000e+03	  1.0000000e-03
  1.2030000e+03	  1.0000000e-03
  1.2040000e+03	  1.0000000e-03
  1.2050000e+03	  1.0000000e-03
  1.2060000e+03	  1.0000000e-03
  1.2070000e+03	  1.0000000e-03
  1.2080000e+03	  1.0000000e-03
  1.2090000e+03	  1.0000000e-03
  1.2100000e+03	  1.0000000e-03
  1.2110000e+03	  1.0000000e-03
  1.2120000e+03	  1.0000000e-03
  1.2130000e+03	  1.0000000e-03
  1.2140000e+03	  1.0000000e-03
  1.2150000e+03	  1.0000000e-03
  1.2160000e+03	  1.0000000e-03
  1.2170000e+03	  1.0000000e-03
  1.2180000e+03	  6.7383088e-02
  1.2190000e+03	  2.8976071e-01
  1.2200000e+03	  7.6018792e-01
  1.2210000e+03	  1.0000000e+00
  1.2220000e+03	  1.0000000e+00
  1.2230000e+03	  1.0000000e+00
  1.2240000e+03	  1.0000000e+00
  1.2250000e+03	  1.0000000e+00
  1.2260000e+03	  1.0000000e+00
  1.2270000e+03	  1.0000000e+00
  1.2280000e+03	  1.0000000e+00
  1.2290000e+03	  1.0000000e+00
  1.2300000e+03	  1.0000000e+00
  1.2310000e+03	  1.0000000e+00
  1.2320000e+03	  1.0000000e+00
  1.2330000e+03	  1.0000000e+00
  1.2340000e+03	  1.0000000e+00
  1.2350000e+03	  1.0000000e+00
  1.2360000e+03	  1.0000000e+00
  1.2370000e+03	  1.0000000e+00
  1.2380000e+03	  1.0000000e+00
  1.2390000e+03	  1.0000000e+00
  1.2400000e+03	  1.0000000e+00
  1.2410000e+03	  1.0000000e+00
  1.2420000e+03	  1.0000000e+00
  1.2430000e+03	  1.0000000e+00
  1.2440000e+03	  1.0000000e+00
  1.2450000e+03	  4.2497611e-01
  1.2460000e+03	  2.4065930e-02
  1.2470000e+03	  1.0000000e-03
  1.2480000e+03	  1.0000000e-03
  1.2490000e+03	  1.0000000e-03
  1.2500000e+03	  1.0000000e-03
  1.2510000e+03	  1.0000000e-03
  1.2520000e+03	  1.0000000e-03
  1.2530000e+03	  1.0000000e-03
  1.2540000e+03	  1.0000000e-03
  1.2550000e+03	  1.0000000e-03
  1.2560000e+03	  1.0000000e-03
  1.2570000e+03	  1.0000000e-03
  1.2580000e+03	  1.0000000e-03
  1.2590000e+03	  1.0000000e-03
  1.2600000e+03	  1.0000000e-03
  1.2610000e+03	  1.0000000e-03
  1.2620000e+03	  1.0000000e-03
  1.2630000e+03	  1.0000000e-03
  1.2640000e+03	  4.7855489e-02
  1.2650000e+03	  1.0581020e-01
  1.2660000e+03	  5.0201392e-01
  1.2670000e+03	  9.2002368e-01
  1.2680000e+03	  1.0000000e+00
  1.2690000e+03	  1.0000000e+00
  1.2700000e+03	  1.0000000e+00
  1.2710000e+03	  1.0000000e+00
  1.2720000e+03	  1.0000000e+00
  1.2730000e+03	  1.0000000e+00
  1.2740000e+03	  1.0000000e+00
  1.2750000e+03	  1.0000000e+00
  1.2760000e+03	  1.0000000e+00
  1.2770000e+03	  1.0000000e+00
  1.2780000e+03	  1.0000000e+00
  1.2790000e+03	  1.0000000e+00
  1.2800000e+03	  1.0000000e+00
  1.2810000e+03	  1.0000000e+00
  1.2820000e+03	  1.0000000e+00
  1.2830000e+03	  1.0000000e+00
  1.2840000e+03	  1.0000000e+00
  1.2850000e+03	  1.0000000e+00
  1.2860000e+03	  1.0000000e+00
  1.2870000e+03	  1.0000000e+00
  1.2880000e+03	  1.0000000e+00
  1.2890000e+03	  1.0000000e+00
  1.2900000e+03	  1.0000000e+00
  1.2910000e+03	  3.6411631e-01
  1.2920000e+03	  2.1951379e-02
  1.2930000e+03	  1.0000000e-03
  1.2940000e+03	  1.0000000e-03
  1.2950000e+03	  1.0000000e-03
  1.2960000e+03	  1.0000000e-03
  1.2970000e+03	  1.0000000e-03
  1.2980000e+03	  1.0000000e-03
  1.2990000e+03	  1.0000000e-03
  1.3000000e+03	  1.0000000e-03
  1.3010000e+03	  1.0000000e-03
  1.3020000e+03	  1.0000000e-03
  1.3030000e+03	  1.0000000e-03
  1.3040000e+03	  1.0000000e-03
  1.3050000e+03	  1.0000000e-03
  1.3060000e+03	  1.0000000e-03
  1.3070000e+03	  1.0000000e-03
  1.3080000e+03	  1.0000000e-03
  1.3090000e+03	  1.0000000e-03
  1.3100000e+03	  1.0000000e-03
  1.3110000e+03	  1.7047280e-02
  1.3120000e+03	  4.1760969e-01
  1.3130000e+03	  7.7679729e-01
  1.3140000e+03	  1.0000000e+00
  1.3150000e+03	  1.0000000e+00
  1.3160000e+03	  1.0000000e+00
  1.3170000e+03	  1.0000000e+00
  1.3180000e+03	  1.0000000e+00
  1.3190000e+03	  1.0000000e+00
  1.3200000e+03	  1.0000000e+00
  1.3210000e+03	  1.0000000e+00
  1.3220000e+03	  1.0000000e+00
  1.3230000e+03	  1.0000000e+00
  1.3240000e+03	  1.0000000e+00
  1.3250000e+03	  1.0000000e+00
  1.3260000e+03	  1.0000000e+00
  1.3270000e+03	  1.0000000e+00
  1.3280000e+03	  1.0000000e+00
  1.3290000e+03	  1.0000000e+00
  1.3300000e+03	  1.0000000e+00
  1.3310000e+03	  1.0000000e+00
  1.3320000e+03	  1.0000000e+00
  1.3330000e+03	  1.0000000e+00
  1.3340000e+03	  1.0000000e+00
  1.3350000e+03	  1.0000000e+00
  1.3360000e+03	  1.0000000e+00
  1.3370000e+03	  4.1226539e-01
  1.3380000e+03	  1.4536150e-02
  1.3390000e+03	  1.0000000e-03
  1.3400000e+03	  1.0000000e-03
  1.3410000e+03	  1.0000000e-03
  1.3420000e+03	  1.0000000e-03
  1.3430000e+03	  1.0000000e-03
  1.3440000e+03	  1.0000000e-03
  1.3450000e+03	  1.0000000e-03
  1.3460000e+03	  1.0000000e-03
  1.3470000e+03	  1.0000000e-03
  1.3480000e+03	  1.0000000e-03
  1.3490000e+03	  1.0000000e-03
  1.3500000e+03	  1.0000000e-03
  1.3510000e+03	  1.0000000e-03
  1.3520000e+03	  1.0000000e-03
  1.3530000e+03	  1.0000000e-03
  1.3540000e+03	  1.0000000e-03
  1.3550000e+03	  1.0000000e-03
  1.3560000e+03	  1.0000000e-03
  1.3570000e+03	  1.0000000e-03
  1.3580000e+03	  3.0765679e-01
  1.3590000e+03	  6.6790372e-01
  1.3600000e+03	  1.0000000e+00
  1.3610000e+03	  1.0000000e+00
  1.3620000e+03	  1.0000000e+00
  1.3630000e+03	  1.0000000e+00
  1.3640000e+03	  1.0000000e+00
  1.3650000e+03	  1.0000000e+00
  1.3660000e+03	  1.0000000e+00
  1.3670000e+03	  1.0000000e+00
  1.3680000e+03	  1.0000000e+00
  1.3690000e+03	  1.0000000e+00
  1.3700000e+03	  1.0000000e+00
  1.3710000e+03	  1.0000000e+00
  1.3720000e+03	  1.0000000e+00
  1.3730000e+03	  1.0000000e+00
  1.3740000e+03	  1.0000000e+00
  1.3750000e+03	  1.0000000e+00
  1.3760000e+03	  1.0000000e+00
  1.3770000e+03	  1.0000000e+00
  1.3780000e+03	  1.0000000e+00
  1.3790000e+03	  1.0000000e+00
  1.3800000e+03	  1.0000000e+00
  1.3810000e+03	  1.0000000e+00
  1.3820000e+03	  1.0000000e+00
  1.3830000e+03	  3.5539070e-01
  1.3840000e+03	  1.7554700e-02
  1.3850000e+03	  1.0000000e-03
  1.3860000e+03	  1.0000000e-03
  1.3870000e+03	  1.0000000e-03
  1.3880000e+03	  1.0000000e-03
  1.3890000e+03	  1.0000000e-03
  1.3900000e+03	  1.0000000e-03
  1.3910000e+03	  1.0000000e-03
  1.3920000e+03	  1.0000000e-03
  1.3930000e+03	  1.0000000e-03
  1.3940000e+03	  1.0000000e-03
  1.3950000e+03	  1.0000000e-03
  1.3960000e+03	  1.0000000e-03
  1.3970000e+03	  1.0000000e-03
  1.3980000e+03	  1.0000000e-03
  1.3990000e+03	  1.0000000e-03
  1.4000000e+03	  1.0000000e-03
  1.4010000e+03	  1.0000000e-03
  1.4020000e+03	  1.0000000e-03
  1.4030000e+03	  1.0000000e-03
  1.4040000e+03	  2.5068459e-01
  1.4050000e+03	  5.3362447e-01
  1.4060000e+03	  1.0000000e+00
  1.4070000e+03	  1.0000000e+00
  1.4080000e+03	  1.0000000e+00
  1.4090000e+03	  1.0000000e+00
  1.4100000e+03	  1.0000000e+00
  1.4110000e+03	  1.0000000e+00
  1.4120000e+03	  1.0000000e+00
  1.4130000e+03	  1.0000000e+00
  1.4140000e+03	  1.0000000e+00
  1.4150000e+03	  1.0000000e+00
  1.4160000e+03	  1.0000000e+00
  1.4170000e+03	  1.0000000e+00
  1.4180000e+03	  1.0000000e+00
  1.4190000e+03	  1.0000000e+00
  1.4200000e+03	  1.0000000e+00
  1.4210000e+03	  1.0000000e+00
  1.4220000e+03	  1.0000000e+00
  1.4230000e+03	  1.0000000e+00
  1.4240000e+03	  1.0000000e+00
  1.4250000e+03	  1.0000000e+00
  1.4260000e+03	  1.0000000e+00
  1.4270000e+03	  1.0000000e+00
  1.4280000e+03	  1.0000000e+00
  1.4290000e+03	  3.9975011e-01
  1.4300000e+03	  1.4157580e-02
  1.4310000e+03	  1.0000000e-03
  1.4320000e+03	  1.0000000e-03
  1.4330000e+03	  1.0000000e-03
  1.4340000e+03	  1.0000000e-03
  1.4350000e+03	  1.0000000e-03
  1.4360000e+03	  1.0000000e-03
  1.4370000e+03	  1.0000000e-03
  1.4380000e+03	  1.0000000e-03
  1.4390000e+03	  1.0000000e-03
  1.4400000e+03	  1.0000000e-03
  1.4410000e+03	  1.0000000e-03
  1.4420000e+03	  1.0000000e-03
  1.4430000e+03	  1.0000000e-03
  1.4440000e+03	  1.0000000e-03
  1.4450000e+03	  1.0000000e-03
  1.4460000e+03	  1.0000000e-03
  1.4470000e+03	  1.0000000e-03
  1.4480000e+03	  1.0000000e-03
  1.4490000e+03	  1.0000000e-03
  1.4500000e+03	  1.9961220e-01
  1.4510000e+03	  4.5496339e-01
  1.4520000e+03	  9.4540620e-01
  1.4530000e+03	  1.0000000e+00
  1.4540000e+03	  1.0000000e+00
  1.4550000e+03	  1.0000000e+00
  1.4560000e+03	  1.0000000e+00
  1.4570000e+03	  1.0000000e+00
  1.4580000e+03	  1.0000000e+00
  1.4590000e+03	  1.0000000e+00
  1.4600000e+03	  1.0000000e+00
  1.4610000e+03	  1.0000000e+00
  1.4620000e+03	  1.0000000e+00
  1.4630000e+03	  1.0000000e+00
  1.4640000e+03	  1.0000000e+00
  1.4650000e+03	  1.0000000e+00
  1.4660000e+03	  1.0000000e+00
  1.4670000e+03	  1.0000000e+00
  1.4680000e+03	  1.0000000e+00
  1.4690000e+03	  1.0000000e+00
  1.4700000e+03	  1.0000000e+00
  1.4710000e+03	  1.0000000e+00
  1.4720000e+03	  1.0000000e+00
  1.4730000e+03	  1.0000000e+00
  1.4740000e+03	  1.0000000e+00
  1.4750000e+03	  3.5366401e-01
  1.4760000e+03	  1.6784390e-02
  1.4770000e+03	  1.0000000e-03
  1.4780000e+03	  1.0000000e-03
  1.4790000e+03	  1.0000000e-03
  1.4800000e+03	  1.0000000e-03
  1.4810000e+03	  1.0000000e-03
  1.4820000e+03	  1.0000000e-03
  1.4830000e+03	  1.0000000e-03
  1.4840000e+03	  1.0000000e-03
  1.4850000e+03	  1.0000000e-03
  1.4860000e+03	  1.0000000e-03
  1.4870000e+03	  1.0000000e-03
  1.4880000e+03	  1.0000000e-03
  1.4890000e+03	  1.0000000e-03
  1.4900000e+03	  1.0000000e-03
  1.4910000e+03	  1.0000000e-03
  1.4920000e+03	  1.0000000e-03
  1.4930000e+03	  1.0000000e-03
  1.4940000e+03	  1.0000000e-03
  1.4950000e+03	  9.4683588e-02
  1.4960000e+03	  1.6352040e-01
  1.4970000e+03	  3.2948831e-01
  1.4980000e+03	  9.0151042e-01
  1.4990000e+03	  1.0000000e+00
  1.5000000e+03	  1.0000000e+00
  1.5010000e+03	  1.0000000e+00
  1.5020000e+03	  1.0000000e+00
  1.5030000e+03	  1.0000000e+00
  1.5040000e+03	  1.0000000e+00
  1.5050000e+03	  1.0000000e+00
  1.5060000e+03	  1.0000000e+00
  1.5070000e+03	  1.0000000e+00
  1.5080000e+03	  1.0000000e+00
  1.5090000e+03	  1.0000000e+00
  1.5100000e+03	  1.0000000e+00
  1.5110000e+03	  1.0000000e+00
  1.5120000e+03	  1.0000000e+00
  1.5130000e+03	  1.0000000e+00
  1.5140000e+03	  1.0000000e+00
  1.5150000e+03	  1.0000000e+00
  1.5160000e+03	  1.0000000e+00
  1.5170000e+03	  1.0000000e+00
  1.5180000e+03	  1.0000000e+00
  1.5190000e+03	  1.0000000e+00
  1.5200000e+03	  1.0000000e+00
  1.5210000e+03	  3.8636971e-01
  1.5220000e+03	  1.2622350e-02
  1.5230000e+03	  1.0000000e-03
  1.5240000e+03	  1.0000000e-03
  1.5250000e+03	  1.0000000e-03
  1.5260000e+03	  1.0000000e-03
  1.5270000e+03	  1.0000000e-03
  1.5280000e+03	  1.0000000e-03
  1.5290000e+03	  1.0000000e-03
  1.5300000e+03	  1.0000000e-03
  1.5310000e+03	  1.0000000e-03
  1.5320000e+03	  1.0000000e-03
  1.5330000e+03	  1.0000000e-03
  1.5340000e+03	  1.0000000e-03
  1.5350000e+03	  1.0000000e-03
  1.5360000e+03	  1.0000000e-03
  1.5370000e+03	  1.0000000e-03
  1.5380000e+03	  1.0000000e-03
  1.5390000e+03	  1.0000000e-03
  1.5400000e+03	  1.0000000e-03
  1.5410000e+03	  4.1651670e-02
  1.5420000e+03	  1.4391001e-01
  1.5430000e+03	  2.8605661e-01
  1.5440000e+03	  9.3718690e-01
  1.5450000e+03	  1.0000000e+00
  1.5460000e+03	  1.0000000e+00
  1.5470000e+03	  1.0000000e+00
  1.5480000e+03	  1.0000000e+00
  1.5490000e+03	  1.0000000e+00
  1.5500000e+03	  1.0000000e+00
  1.5510000e+03	  1.0000000e+00
  1.5520000e+03	  1.0000000e+00
  1.5530000e+03	  1.0000000e+00
  1.5540000e+03	  1.0000000e+00
  1.5550000e+03	  1.0000000e+00
  1.5560000e+03	  1.0000000e+00
  1.5570000e+03	  1.0000000e+00
  1.5580000e+03	  1.0000000e+00
  1.5590000e+03	  1.0000000e+00
  1.5600000e+03	  1.0000000e+00
  1.5610000e+03	  1.0000000e+00
  1.5620000e+03	  1.0000000e+00
  1.5630000e+03	  1.0000000e+00
  1.5640000e+03	  1.0000000e+00
  1.5650000e+03	  1.0000000e+00
  1.5660000e+03	  1.0000000e+00
  1.5670000e+03	  3.4370440e-01
  1.5680000e+03	  1.5378550e-02
  1.5690000e+03	  1.0000000e-03
  1.5700000e+03	  1.0000000e-03
  1.5710000e+03	  1.0000000e-03
  1.5720000e+03	  1.0000000e-03
  1.5730000e+03	  1.0000000e-03
  1.5740000e+03	  1.0000000e-03
  1.5750000e+03	  1.0000000e-03
  1.5760000e+03	  1.0000000e-03
  1.5770000e+03	  1.0000000e-03
  1.5780000e+03	  1.0000000e-03
  1.5790000e+03	  1.0000000e-03
  1.5800000e+03	  1.0000000e-03
  1.5810000e+03	  1.0000000e-03
  1.5820000e+03	  1.0000000e-03
  1.5830000e+03	  1.0000000e-03
  1.5840000e+03	  1.0000000e-03
  1.5850000e+03	  1.0000000e-03
  1.5860000e+03	  1.0000000e-03
  1.5870000e+03	  1.0000000e-03
  1.5880000e+03	  9.4821677e-02
  1.5890000e+03	  2.9799289e-01
  1.5900000e+03	  8.7038201e-01
  1.5910000e+03	  1.0000000e+00
  1.5920000e+03	  1.0000000e+00
  1.5930000e+03	  1.0000000e+00
  1.5940000e+03	  1.0000000e+00
  1.5950000e+03	  1.0000000e+00
  1.5960000e+03	  1.0000000e+00
  1.5970000e+03	  1.0000000e+00
  1.5980000e+03	  1.0000000e+00
  1.5990000e+03	  1.0000000e+00
  1.6000000e+03	  1.0000000e+00
  1.6010000e+03	  1.0000000e+00
  1.6020000e+03	  1.0000000e+00
  1.6030000e+03	  1.0000000e+00
  1.6040000e+03	  1.0000000e+00
  1.6050000e+03	  1.0000000e+00
  1.6060000e+03	  1.0000000e+00
  1.6070000e+03	  1.0000000e+00
  1.6080000e+03	  1.0000000e+00
  1.6090000e+03	  1.0000000e+00
  1.6100000e+03	  1.0000000e+00
  1.6110000e+03	  1.0000000e+00
  1.6120000e+03	  1.0000000e+00
  1.6130000e+03	  3.7282789e-01
  1.6140000e+03	  9.3846433e-03
  1.6150000e+03	  1.0000000e-03
  1.6160000e+03	  1.0000000e-03
  1.6170000e+03	  1.0000000e-03
  1.6180000e+03	  1.0000000e-03
  1.6190000e+03	  1.0000000e-03
  1.6200000e+03	  1.0000000e-03
  1.6210000e+03	  1.0000000e-03
  1.6220000e+03	  1.0000000e-03
  1.6230000e+03	  1.0000000e-03
  1.6240000e+03	  1.0000000e-03
  1.6250000e+03	  1.0000000e-03
  1.6260000e+03	  1.0000000e-03
  1.6270000e+03	  1.0000000e-03
  1.6280000e+03	  1.0000000e-03
  1.6290000e+03	  1.0000000e-03
  1.6300000e+03	  1.0000000e-03
  1.6310000e+03	  1.0000000e-03
  1.6320000e+03	  1.0000000e-03
  1.6330000e+03	  1.0000000e-03
  1.6340000e+03	  3.9692588e-02
  1.6350000e+03	  3.0401120e-01
  1.6360000e+03	  7.7431279e-01
  1.6370000e+03	  1.0000000e+00
  1.6380000e+03	  1.0000000e+00
  1.6390000e+03	  1.0000000e+00
  1.6400000e+03	  1.0000000e+00
  1.6410000e+03	  1.0000000e+00
  1.6420000e+03	  1.0000000e+00
  1.6430000e+03	  1.0000000e+00
  1.6440000e+03	  1.0000000e+00
  1.6450000e+03	  1.0000000e+00
  1.6460000e+03	  1.0000000e+00
  1.6470000e+03	  1.0000000e+00
  1.6480000e+03	  1.0000000e+00
  1.6490000e+03	  1.0000000e+00
  1.6500000e+03	  1.0000000e+00
  1.6510000e+03	  1.0000000e+00
  1.6520000e+03	  1.0000000e+00
  1.6530000e+03	  1.0000000e+00
  1.6540000e+03	  1.0000000e+00
  1.6550000e+03	  1.0000000e+00
  1.6560000e+03	  1.0000000e+00
  1.6570000e+03	  1.0000000e+00
  1.6580000e+03	  1.0000000e+00
  1.6590000e+03	  3.3339831e-01
  1.6600000e+03	  1.4674500e-02
  1.6610000e+03	  1.0000000e-03
  1.6620000e+03	  1.0000000e-03
  1.6630000e+03	  1.0000000e-03
  1.6640000e+03	  1.0000000e-03
  1.6650000e+03	  1.0000000e-03
  1.6660000e+03	  1.0000000e-03
  1.6670000e+03	  1.0000000e-03
  1.6680000e+03	  1.0000000e-03
  1.6690000e+03	  1.0000000e-03
  1.6700000e+03	  1.0000000e-03
  1.6710000e+03	  1.0000000e-03
  1.6720000e+03	  1.0000000e-03
  1.6730000e+03	  1.0000000e-03
  1.6740000e+03	  1.0000000e-03
  1.6750000e+03	  1.0000000e-03
  1.6760000e+03	  1.0000000e-03
  1.6770000e+03	  1.0000000e-03
  1.6780000e+03	  1.0000000e-03
  1.6790000e+03	  1.0000000e-03
  1.6800000e+03	  1.4765560e-02
  1.6810000e+03	  2.7134660e-01
  1.6820000e+03	  7.4210042e-01
  1.6830000e+03	  1.0000000e+00
  1.6840000e+03	  1.0000000e+00
  1.6850000e+03	  1.0000000e+00
  1.6860000e+03	  1.0000000e+00
  1.6870000e+03	  1.0000000e+00
  1.6880000e+03	  1.0000000e+00
  1.6890000e+03	  1.0000000e+00
  1.6900000e+03	  1.0000000e+00
  1.6910000e+03	  1.0000000e+00
  1.6920000e+03	  1.0000000e+00
  1.6930000e+03	  1.0000000e+00
  1.6940000e+03	  1.0000000e+00
  1.6950000e+03	  1.0000000e+00
  1.6960000e+03	  1.0000000e+00
  1.6970000e+03	  1.0000000e+00
  1.6980000e+03	  1.0000000e+00
  1.6990000e+03	  1.0000000e+00
  1.7000000e+03	  1.0000000e+00
  1.7010000e+03	  1.0000000e+00
  1.7020000e+03	  1.0000000e+00
  1.7030000e+03	  1.0000000e+00
  1.7040000e+03	  1.0000000e+00
  1.7050000e+03	  3.5923460e-01
  1.7060000e+03	  6.5384391e-03
  1.7070000e+03	  1.0000000e-03
  1.7080000e+03	  1.0000000e-03
  1.7090000e+03	  1.0000000e-03
  1.7100000e+03	  1.0000000e-03
  1.7110000e+03	  1.0000000e-03
  1.7120000e+03	  1.0000000e-03
  1.7130000e+03	  1.0000000e-03
  1.7140000e+03	  1.0000000e-03
  1.7150000e+03	  1.0000000e-03
  1.7160000e+03	  1.0000000e-03
  1.7170000e+03	  1.0000000e-03
  1.7180000e+03	  1.0000000e-03
  1.7190000e+03	  1.0000000e-03
  1.7200000e+03	  1.0000000e-03
  1.7210000e+03	  1.0000000e-03
  1.7220000e+03	  1.0000000e-03
  1.7230000e+03	  1.0000000e-03
  1.7240000e+03	  1.0000000e-03
  1.7250000e+03	  1.0000000e-03
  1.7260000e+03	  1.0000000e-03
  1.7270000e+03	  2.6362100e-01
  1.7280000e+03	  6.4406878e-01
  1.7290000e+03	  1.0000000e+00
  1.7300000e+03	  1.0000000e+00
  1.7310000e+03	  1.0000000e+00
  1.7320000e+03	  1.0000000e+00
  1.7330000e+03	  1.0000000e+00
  1.7340000e+03	  1.0000000e+00
  1.7350000e+03	  1.0000000e+00
  1.7360000e+03	  1.0000000e+00
  1.7370000e+03	  1.0000000e+00
  1.7380000e+03	  1.0000000e+00
  1.7390000e+03	  1.0000000e+00
  1.7400000e+03	  1.0000000e+00
  1.7410000e+03	  1.0000000e+00
  1.7420000e+03	  1.0000000e+00
  1.7430000e+03	  1.0000000e+00
  1.7440000e+03	  1.0000000e+00
  1.7450000e+03	  1.0000000e+00
  1.7460000e+03	  1.0000000e+00
  1.7470000e+03	  1.0000000e+00
  1.7480000e+03	  1.0000000e+00
  1.7490000e+03	  1.0000000e+00
  1.7500000e+03	  1.0000000e+00
  1.7510000e+03	  3.2386819e-01
  1.7520000e+03	  2.8189750e-02
  1.7530000e+03	  1.0000000e-03
  1.7540000e+03	  1.0000000e-03
  1.7550000e+03	  1.0000000e-03
  1.7560000e+03	  1.0000000e-03
  1.7570000e+03	  1.0000000e-03
  1.7580000e+03	  1.0000000e-03
  1.7590000e+03	  1.0000000e-03
  1.7600000e+03	  1.0000000e-03
  1.7610000e+03	  1.0000000e-03
  1.7620000e+03	  1.0000000e-03
  1.7630000e+03	  1.0000000e-03
  1.7640000e+03	  1.0000000e-03
  1.7650000e+03	  1.0000000e-03
  1.7660000e+03	  1.0000000e-03
  1.7670000e+03	  1.0000000e-03
  1.7680000e+03	  1.0000000e-03
  1.7690000e+03	  1.0000000e-03
  1.7700000e+03	  1.0000000e-03
  1.7710000e+03	  1.0000000e-03
  1.7720000e+03	  1.1921890e-01
  1.7730000e+03	  2.2785380e-01
  1.7740000e+03	  6.2894613e-01
  1.7750000e+03	  1.0000000e+00
  1.7760000e+03	  1.0000000e+00
  1.7770000e+03	  1.0000000e+00
  1.7780000e+03	  1.0000000e+00
  1.7790000e+03	  1.0000000e+00
  1.7800000e+03	  1.0000000e+00
  1.7810000e+03	  1.0000000e+00
  1.7820000e+03	  1.0000000e+00
  1.7830000e+03	  1.0000000e+00
  1.7840000e+03	  1.0000000e+00
  1.7850000e+03	  1.0000000e+00
  1.7860000e+03	  1.0000000e+00
  1.7870000e+03	  1.0000000e+00
  1.7880000e+03	  1.0000000e+00
  1.7890000e+03	  1.0000000e+00
  1.7900000e+03	  1.0000000e+00
  1.7910000e+03	  1.0000000e+00
  1.7920000e+03	  1.0000000e+00
  1.7930000e+03	  1.0000000e+00
  1.7940000e+03	  1.0000000e+00
  1.7950000e+03	  1.0000000e+00
  1.7960000e+03	  1.0000000e+00
  1.7970000e+03	  3.5162130e-01
  1.7980000e+03	  3.9552888e-03
  1.7990000e+03	  1.0000000e-03
  1.8000000e+03	  1.0000000e-03
  1.8010000e+03	  1.0000000e-03
  1.8020000e+03	  1.0000000e-03
  1.8030000e+03	  1.0000000e-03
  1.8040000e+03	  1.0000000e-03
  1.8050000e+03	  1.0000000e-03
  1.8060000e+03	  1.0000000e-03
  1.8070000e+03	  1.0000000e-03
  1.8080000e+03	  1.0000000e-03
  1.8090000e+03	  1.0000000e-03
  1.8100000e+03	  1.0000000e-03
  1.8110000e+03	  1.0000000e-03
  1.8120000e+03	  1.0000000e-03
  1.8130000e+03	  1.0000000e-03
  1.8140000e+03	  1.0000000e-03
  1.8150000e+03	  1.0000000e-03
  1.8160000e+03	  1.0000000e-03
  1.8170000e+03	  1.0000000e-03
  1.8180000e+03	  9.7412899e-02
  1.8190000e+03	  2.0942409e-01
  1.8200000e+03	  5.2264643e-01
  1.8210000e+03	  1.0000000e+00
  1.8220000e+03	  1.0000000e+00
  1.8230000e+03	  1.0000000e+00
  1.8240000e+03	  1.0000000e+00
  1.8250000e+03	  1.0000000e+00
  1.8260000e+03	  1.0000000e+00
  1.8270000e+03	  1.0000000e+00
  1.8280000e+03	  1.0000000e+00
  1.8290000e+03	  1.0000000e+00
  1.8300000e+03	  1.0000000e+00
  1.8310000e+03	  1.0000000e+00
  1.8320000e+03	  1.0000000e+00
  1.8330000e+03	  1.0000000e+00
  1.8340000e+03	  1.0000000e+00
  1.8350000e+03	  1.0000000e+00
  1.8360000e+03	  1.0000000e+00
  1.8370000e+03	  1.0000000e+00
  1.8380000e+03	  1.0000000e+00
  1.8390000e+03	  1.0000000e+00
  1.8400000e+03	  1.0000000e+00
  1.8410000e+03	  1.0000000e+00
  1.8420000e+03	  1.0000000e+00
  1.8430000e+03	  3.1489879e-01
  1.8440000e+03	  1.6253641e-02
  1.8450000e+03	  1.0000000e-03
  1.8460000e+03	  1.0000000e-03
  1.8470000e+03	  1.0000000e-03
  1.8480000e+03	  1.0000000e-03
  1.8490000e+03	  1.0000000e-03
  1.8500000e+03	  1.0000000e-03
  1.8510000e+03	  1.0000000e-03
  1.8520000e+03	  1.0000000e-03
  1.8530000e+03	  1.0000000e-03
  1.8540000e+03	  1.0000000e-03
  1.8550000e+03	  1.0000000e-03
  1.8560000e+03	  1.0000000e-03
  1.8570000e+03	  1.0000000e-03
  1.8580000e+03	  1.0000000e-03
  1.8590000e+03	  1.0000000e-03
  1.8600000e+03	  1.0000000e-03
  1.8610000e+03	  1.0000000e-03
  1.8620000e+03	  1.0000000e-03
  1.8630000e+03	  1.0000000e-03
  1.8640000e+03	  1.0814340e-01
  1.8650000e+03	  1.7644900e-01
  1.8660000e+03	  5.3310168e-01
  1.8670000e+03	  1.0000000e+00
  1.8680000e+03	  1.0000000e+00
  1.8690000e+03	  1.0000000e+00
  1.8700000e+03	  1.0000000e+00
  1.8710000e+03	  1.0000000e+00
  1.8720000e+03	  1.0000000e+00
  1.8730000e+03	  1.0000000e+00
  1.8740000e+03	  1.0000000e+00
  1.8750000e+03	  1.0000000e+00
  1.8760000e+03	  1.0000000e+00
  1.8770000e+03	  1.0000000e+00
  1.8780000e+03	  1.0000000e+00
  1.8790000e+03	  1.0000000e+00
  1.8800000e+03	  1.0000000e+00
  1.8810000e+03	  1.0000000e+00
  1.8820000e+03	  1.0000000e+00
  1.8830000e+03	  1.0000000e+00
  1.8840000e+03	  1.0000000e+00
  1.8850000e+03	  1.0000000e+00
  1.8860000e+03	  1.0000000e+00
  1.8870000e+03	  1.0000000e+00
  1.8880000e+03	  1.0000000e+00
  1.8890000e+03	  3.4029281e-01
  1.8900000e+03	  2.5370650e-03
  1.8910000e+03	  1.0000000e-03
  1.8920000e+03	  1.0000000e-03
  1.8930000e+03	  1.0000000e-03
  1.8940000e+03	  1.0000000e-03
  1.8950000e+03	  1.0000000e-03
  1.8960000e+03	  1.0000000e-03
  1.8970000e+03	  1.0000000e-03
  1.8980000e+03	  1.0000000e-03
  1.8990000e+03	  1.0000000e-03
  1.9000000e+03	  1.0000000e-03
  1.9010000e+03	  1.0000000e-03
  1.9020000e+03	  1.0000000e-03
  1.9030000e+03	  1.0000000e-03
  1.9040000e+03	  1.0000000e-03
  1.9050000e+03	  1.0000000e-03
  1.9060000e+03	  1.0000000e-03
  1.9070000e+03	  1.0000000e-03
  1.9080000e+03	  1.0000000e-03
  1.9090000e+03	  1.0000000e-03
  1.9100000e+03	  8.1812292e-02
  1.9110000e+03	  1.6172640e-01
  1.9120000e+03	  4.1864151e-01
  1.9130000e+03	  1.0000000e+00
  1.9140000e+03	  1.0000000e+00
  1.9150000e+03	  1.0000000e+00
  1.9160000e+03	  1.0000000e+00
  1.9170000e+03	  1.0000000e+00
  1.9180000e+03	  1.0000000e+00
  1.9190000e+03	  1.0000000e+00
  1.9200000e+03	  1.0000000e+00
  1.9210000e+03	  1.0000000e+00
  1.9220000e+03	  1.0000000e+00
  1.9230000e+03	  1.0000000e+00
  1.9240000e+03	  1.0000000e+00
  1.9250000e+03	  1.0000000e+00
  1.9260000e+03	  1.0000000e+00
  1.9270000e+03	  1.0000000e+00
  1.9280000e+03	  1.0000000e+00
  1.9290000e+03	  1.0000000e+00
  1.9300000e+03	  1.0000000e+00
  1.9310000e+03	  1.0000000e+00
  1.9320000e+03	  1.0000000e+00
  1.9330000e+03	  1.0000000e+00
  1.9340000e+03	  1.0000000e+00
  1.9350000e+03	  3.0563271e-01
  1.9360000e+03	  9.1006244e-03
  1.9370000e+03	  1.0000000e-03
  1.9380000e+03	  1.0000000e-03
  1.9390000e+03	  1.0000000e-03
  1.9400000e+03	  1.0000000e-03
  1.9410000e+03	  1.0000000e-03
  1.9420000e+03	  1.0000000e-03
  1.9430000e+03	  1.0000000e-03
  1.9440000e+03	  1.0000000e-03
  1.9450000e+03	  1.0000000e-03
  1.9460000e+03	  1.0000000e-03
  1.9470000e+03	  1.0000000e-03
  1.9480000e+03	  1.0000000e-03
  1.9490000e+03	  1.0000000e-03
  1.9500000e+03	  1.0000000e-03
  1.9510000e+03	  1.0000000e-03
  1.9520000e+03	  1.0000000e-03
  1.9530000e+03	  1.0000000e-03
  1.9540000e+03	  1.0000000e-03
  1.9550000e+03	  1.0000000e-03
  1.9560000e+03	  1.0000000e-03
  1.9570000e+03	  1.4587019e-01
  1.9580000e+03	  4.4585481e-01
  1.9590000e+03	  1.0000000e+00
  1.9600000e+03	  1.0000000e+00
  1.9610000e+03	  1.0000000e+00
  1.9620000e+03	  1.0000000e+00
  1.9630000e+03	  1.0000000e+00
  1.9640000e+03	  1.0000000e+00
  1.9650000e+03	  1.0000000e+00
  1.9660000e+03	  1.0000000e+00
  1.9670000e+03	  1.0000000e+00
  1.9680000e+03	  1.0000000e+00
  1.9690000e+03	  1.0000000e+00
  1.9700000e+03	  1.0000000e+00
  1.9710000e+03	  1.0000000e+00
  1.9720000e+03	  1.0000000e+00
  1.9730000e+03	  1.0000000e+00
  1.9740000e+03	  1.0000000e+00
  1.9750000e+03	  1.0000000e+00
  1.9760000e+03	  1.0000000e+00
  1.9770000e+03	  1.0000000e+00
  1.9780000e+03	  1.0000000e+00
  1.9790000e+03	  1.0000000e+00
  1.9800000e+03	  1.0000000e+00
  1.9810000e+03	  3.2916379e-01
  1.9820000e+03	  1.7907970e-03
  1.9830000e+03	  1.0000000e-03
  1.9840000e+03	  1.0000000e-03
  1.9850000e+03	  1.0000000e-03
  1.9860000e+03	  1.0000000e-03
  1.9870000e+03	  1.0000000e-03
  1.9880000e+03	  1.0000000e-03
  1.9890000e+03	  1.0000000e-03
  1.9900000e+03	  1.0000000e-03
  1.9910000e+03	  1.0000000e-03
  1.9920000e+03	  1.0000000e-03
  1.9930000e+03	  1.0000000e-03
  1.9940000e+03	  1.0000000e-03
  1.9950000e+03	  1.0000000e-03
  1.9960000e+03	  1.0000000e-03
  1.9970000e+03	  1.0000000e-03
  1.9980000e+03	  1.0000000e-03
  1.9990000e+03	  1.0000000e-03
  2.0000000e+03	  1.0000000e-03
  2.0010000e+03	  1.0000000e-03
  2.0020000e+03	  6.5975793e-02
  2.0030000e+03	  1.3265730e-01
  2.0040000e+03	  3.4349081e-01
  2.0050000e+03	  1.0000000e+00
  2.0060000e+03	  1.0000000e+00
  2.0070000e+03	  1.0000000e+00
  2.0080000e+03	  1.0000000e+00
  2.0090000e+03	  1.0000000e+00
  2.0100000e+03	  1.0000000e+00
  2.0110000e+03	  1.0000000e+00
  2.0120000e+03	  1.0000000e+00
  2.0130000e+03	  1.0000000e+00
  2.0140000e+03	  1.0000000e+00
  2.0150000e+03	  1.0000000e+00
  2.0160000e+03	  1.0000000e+00
  2.0170000e+03	  1.0000000e+00
  2.0180000e+03	  1.0000000e+00
  2.0190000e+03	  1.0000000e+00
  2.0200000e+03	  1.0000000e+00
  2.0210000e+03	  1.0000000e+00
  2.0220000e+03	  1.0000000e+00
  2.0230000e+03	  1.0000000e+00
  2.0240000e+03	  1.0000000e+00
  2.0250000e+03	  1.0000000e+00
  2.0260000e+03	  1.0000000e+00
  2.0270000e+03	  2.9759139e-01
  2.0280000e+03	  6.3881250e-03
  2.0290000e+03	  1.0000000e-03
  2.0300000e+03	  1.0000000e-03
  2.0310000e+03	  1.0000000e-03
  2.0320000e+03	  1.0000000e-03
  2.0330000e+03	  1.0000000e-03
  2.0340000e+03	  1.0000000e-03
  2.0350000e+03	  1.0000000e-03
  2.0360000e+03	  1.0000000e-03
  2.0370000e+03	  1.0000000e-03
  2.0380000e+03	  1.0000000e-03
  2.0390000e+03	  1.0000000e-03
  2.0400000e+03	  1.0000000e-03
  2.0410000e+03	  1.0000000e-03
  2.0420000e+03	  1.0000000e-03
  2.0430000e+03	  1.0000000e-03
  2.0440000e+03	  1.0000000e-03
  2.0450000e+03	  1.0000000e-03
  2.0460000e+03	  1.0000000e-03
  2.0470000e+03	  1.0000000e-03
  2.0480000e+03	  7.2459519e-02
  2.0490000e+03	  1.2350910e-01
  2.0500000e+03	  3.8903400e-01
  2.0510000e+03	  1.0000000e+00
  2.0520000e+03	  1.0000000e+00
  2.0530000e+03	  1.0000000e+00
  2.0540000e+03	  1.0000000e+00
  2.0550000e+03	  1.0000000e+00
  2.0560000e+03	  1.0000000e+00
  2.0570000e+03	  1.0000000e+00
  2.0580000e+03	  1.0000000e+00
  2.0590000e+03	  1.0000000e+00
  2.0600000e+03	  1.0000000e+00
  2.0610000e+03	  1.0000000e+00
  2.0620000e+03	  1.0000000e+00
  2.0630000e+03	  1.0000000e+00
  2.0640000e+03	  1.0000000e+00
  2.0650000e+03	  1.0000000e+00
  2.0660000e+03	  1.0000000e+00
  2.0670000e+03	  1.0000000e+00
  2.0680000e+03	  1.0000000e+00
  2.0690000e+03	  1.0000000e+00
  2.0700000e+03	  1.0000000e+00
  2.0710000e+03	  1.0000000e+00
  2.0720000e+03	  1.0000000e+00
  2.0730000e+03	  3.2069260e-01
  2.0740000e+03	  1.8734790e-03
  2.0750000e+03	  1.0000000e-03
  2.0760000e+03	  1.0000000e-03
  2.0770000e+03	  1.0000000e-03
  2.0780000e+03	  1.0000000e-03
  2.0790000e+03	  1.0000000e-03
  2.0800000e+03	  1.0000000e-03
  2.0810000e+03	  1.0000000e-03
  2.0820000e+03	  1.0000000e-03
  2.0830000e+03	  1.0000000e-03
  2.0840000e+03	  1.0000000e-03
  2.0850000e+03	  1.0000000e-03
  2.0860000e+03	  1.0000000e-03
  2.0870000e+03	  1.0000000e-03
  2.0880000e+03	  1.0000000e-03
  2.0890000e+03	  1.0000000e-03
  2.0900000e+03	  1.0000000e-03
  2.0910000e+03	  1.0000000e-03
  2.0920000e+03	  1.0000000e-03
  2.0930000e+03	  1.0000000e-03
  2.0940000e+03	  4.2237200e-02
  2.0950000e+03	  1.0448690e-01
  2.0960000e+03	  2.9439601e-01
  2.0970000e+03	  1.0000000e+00
  2.0980000e+03	  1.0000000e+00
  2.0990000e+03	  1.0000000e+00
  2.1000000e+03	  1.0000000e+00
  2.1010000e+03	  1.0000000e+00
  2.1020000e+03	  1.0000000e+00
  2.1030000e+03	  1.0000000e+00
  2.1040000e+03	  1.0000000e+00
  2.1050000e+03	  1.0000000e+00
  2.1060000e+03	  1.0000000e+00
  2.1070000e+03	  1.0000000e+00
  2.1080000e+03	  1.0000000e+00
  2.1090000e+03	  1.0000000e+00
  2.1100000e+03	  1.0000000e+00
  2.1110000e+03	  1.0000000e+00
  2.1120000e+03	  1.0000000e+00
  2.1130000e+03	  1.0000000e+00
  2.1140000e+03	  1.0000000e+00
  2.1150000e+03	  1.0000000e+00
  2.1160000e+03	  1.0000000e+00
  2.1170000e+03	  1.0000000e+00
  2.1180000e+03	  1.0000000e+00
  2.1190000e+03	  2.9107580e-01
  2.1200000e+03	  4.1286671e-03
  2.1210000e+03	  1.0000000e-03
  2.1220000e+03	  1.0000000e-03
  2.1230000e+03	  1.0000000e-03
  2.1240000e+03	  1.0000000e-03
  2.1250000e+03	  1.0000000e-03
  2.1260000e+03	  1.0000000e-03
  2.1270000e+03	  1.0000000e-03
  2.1280000e+03	  1.0000000e-03
  2.1290000e+03	  1.0000000e-03
  2.1300000e+03	  1.0000000e-03
  2.1310000e+03	  1.0000000e-03
  2.1320000e+03	  1.0000000e-03
  2.1330000e+03	  1.0000000e-03
  2.1340000e+03	  1.0000000e-03
  2.1350000e+03	  1.0000000e-03
  2.1360000e+03	  1.0000000e-03
  2.1370000e+03	  1.0000000e-03
  2.1380000e+03	  1.0000000e-03
  2.1390000e+03	  1.0000000e-03
  2.1400000e+03	  4.0122390e-02
  2.1410000e+03	  8.1221007e-02
  2.1420000e+03	  3.3717939e-01
  2.1430000e+03	  1.0000000e+00
  2.1440000e+03	  1.0000000e+00
  2.1450000e+03	  1.0000000e+00
  2.1460000e+03	  1.0000000e+00
  2.1470000e+03	  1.0000000e+00
  2.1480000e+03	  1.0000000e+00
  2.1490000e+03	  1.0000000e+00
  2.1500000e+03	  1.0000000e+00
  2.1510000e+03	  1.0000000e+00
  2.1520000e+03	  1.0000000e+00
  2.1530000e+03	  1.0000000e+00
  2.1540000e+03	  1.0000000e+00
  2.1550000e+03	  1.0000000e+00
  2.1560000e+03	  1.0000000e+00
  2.1570000e+03	  1.0000000e+00
  2.1580000e+03	  1.0000000e+00
  2.1590000e+03	  1.0000000e+00
  2.1600000e+03	  1.0000000e+00
  2.1610000e+03	  1.0000000e+00
  2.1620000e+03	  1.0000000e+00
  2.1630000e+03	  1.0000000e+00
  2.1640000e+03	  1.0000000e+00
  2.1650000e+03	  3.1266281e-01
  2.1660000e+03	  3.2560450e-03
  2.1670000e+03	  1.0000000e-03
  2.1680000e+03	  1.0000000e-03
  2.1690000e+03	  1.0000000e-03
  2.1700000e+03	  1.0000000e-03
  2.1710000e+03	  1.0000000e-03
  2.1720000e+03	  1.0000000e-03
  2.1730000e+03	  1.0000000e-03
  2.1740000e+03	  1.0000000e-03
  2.1750000e+03	  1.0000000e-03
  2.1760000e+03	  1.0000000e-03
  2.1770000e+03	  1.0000000e-03
  2.1780000e+03	  1.0000000e-03
  2.1790000e+03	  1.0000000e-03
  2.1800000e+03	  1.0000000e-03
  2.1810000e+03	  1.0000000e-03
  2.1820000e+03	  1.0000000e-03
  2.1830000e+03	  1.0000000e-03
  2.1840000e+03	  1.0000000e-03
  2.1850000e+03	  1.0000000e-03
  2.1860000e+03	  1.0000000e-03
  2.1870000e+03	  5.6118179e-02
  2.1880000e+03	  2.8982991e-01
  2.1890000e+03	  1.0000000e+00
  2.1900000e+03	  1.0000000e+00
  2.1910000e+03	  1.0000000e+00
  2.1920000e+03	  1.0000000e+00
  2.1930000e+03	  1.0000000e+00
  2.1940000e+03	  1.0000000e+00
  2.1950000e+03	  1.0000000e+00
  2.1960000e+03	  1.0000000e+00
  2.1970000e+03	  1.0000000e+00
  2.1980000e+03	  1.0000000e+00
  2.1990000e+03	  1.0000000e+00
  2.2000000e+03	  1.0000000e+00
  2.2010000e+03	  1.0000000e+00
  2.2020000e+03	  1.0000000e+00
  2.2030000e+03	  1.0000000e+00
  2.2040000e+03	  1.0000000e+00
  2.2050000e+03	  1.0000000e+00
  2.2060000e+03	  1.0000000e+00
  2.2070000e+03	  1.0000000e+00
  2.2080000e+03	  1.0000000e+00
  2.2090000e+03	  1.0000000e+00
  2.2100000e+03	  1.0000000e+00
  2.2110000e+03	  2.8447789e-01
  2.2120000e+03	  2.1964749e-03
  2.2130000e+03	  1.0000000e-03
  2.2140000e+03	  1.0000000e-03
  2.2150000e+03	  1.0000000e-03
  2.2160000e+03	  1.0000000e-03
  2.2170000e+03	  1.0000000e-03
  2.2180000e+03	  1.0000000e-03
  2.2190000e+03	  1.0000000e-03
  2.2200000e+03	  1.0000000e-03
  2.2210000e+03	  1.0000000e-03
  2.2220000e+03	  1.0000000e-03
  2.2230000e+03	  1.0000000e-03
  2.2240000e+03	  1.0000000e-03
  2.2250000e+03	  1.0000000e-03
  2.2260000e+03	  1.0000000e-03
  2.2270000e+03	  1.0000000e-03
  2.2280000e+03	  1.0000000e-03
  2.2290000e+03	  1.0000000e-03
  2.2300000e+03	  1.0000000e-03
  2.2310000e+03	  1.0000000e-03
  2.2320000e+03	  1.0000000e-03
  2.2330000e+03	  3.7623751e-03
  2.2340000e+03	  3.3952469e-01
  2.2350000e+03	  1.0000000e+00
  2.2360000e+03	  1.0000000e+00
  2.2370000e+03	  1.0000000e+00
  2.2380000e+03	  1.0000000e+00
  2.2390000e+03	  1.0000000e+00
  2.2400000e+03	  1.0000000e+00
  2.2410000e+03	  1.0000000e+00
  2.2420000e+03	  1.0000000e+00
  2.2430000e+03	  1.0000000e+00
  2.2440000e+03	  1.0000000e+00
  2.2450000e+03	  1.0000000e+00
  2.2460000e+03	  1.0000000e+00
  2.2470000e+03	  1.0000000e+00
  2.2480000e+03	  1.0000000e+00
  2.2490000e+03	  1.0000000e+00
  2.2500000e+03	  1.0000000e+00
  2.2510000e+03	  1.0000000e+00
  2.2520000e+03	  1.0000000e+00
  2.2530000e+03	  1.0000000e+00
  2.2540000e+03	  1.0000000e+00
  2.2550000e+03	  1.0000000e+00
  2.2560000e+03	  1.0000000e+00
  2.2570000e+03	  3.0484781e-01
  2.2580000e+03	  7.7596698e-03
  2.2590000e+03	  1.0000000e-03
  2.2600000e+03	  1.0000000e-03
  2.2610000e+03	  1.0000000e-03
  2.2620000e+03	  1.0000000e-03
  2.2630000e+03	  1.0000000e-03
  2.2640000e+03	  1.0000000e-03
  2.2650000e+03	  1.0000000e-03
  2.2660000e+03	  1.0000000e-03
  2.2670000e+03	  1.0000000e-03
  2.2680000e+03	  1.0000000e-03
  2.2690000e+03	  1.0000000e-03
  2.2700000e+03	  1.0000000e-03
  2.2710000e+03	  1.0000000e-03
  2.2720000e+03	  1.0000000e-03
  2.2730000e+03	  1.0000000e-03
  2.2740000e+03	  1.0000000e-03
  2.2750000e+03	  1.0000000e-03
  2.2760000e+03	  1.0000000e-03
  2.2770000e+03	  1.0000000e-03
  2.2780000e+03	  1.0000000e-03
  2.2790000e+03	  1.0000000e-03
  2.2800000e+03	  2.6983899e-01
  2.2810000e+03	  1.0000000e+00
  2.2820000e+03	  1.0000000e+00
  2.2830000e+03	  1.0000000e+00
  2.2840000e+03	  1.0000000e+00
  2.2850000e+03	  1.0000000e+00
  2.2860000e+03	  1.0000000e+00
  2.2870000e+03	  1.0000000e+00
  2.2880000e+03	  1.0000000e+00
  2.2890000e+03	  1.0000000e+00
  2.2900000e+03	  1.0000000e+00
  2.2910000e+03	  1.0000000e+00
  2.2920000e+03	  1.0000000e+00
  2.2930000e+03	  1.0000000e+00
  2.2940000e+03	  1.0000000e+00
  2.2950000e+03	  1.0000000e+00
  2.2960000e+03	  1.0000000e+00
  2.2970000e+03	  1.0000000e+00
  2.2980000e+03	  1.0000000e+00
  2.2990000e+03	  1.0000000e+00
  2.3000000e+03	  1.0000000e+00
  2.3010000e+03	  1.0000000e+00
  2.3020000e+03	  1.0000000e+00
  2.3030000e+03	  2.7774510e-01
  2.3040000e+03	  1.0000000e-03
  2.3050000e+03	  1.0000000e-03
  2.3060000e+03	  1.0000000e-03
  2.3070000e+03	  1.0000000e-03
  2.3080000e+03	  1.0000000e-03
  2.3090000e+03	  1.0000000e-03
  2.3100000e+03	  1.0000000e-03
  2.3110000e+03	  1.0000000e-03
  2.3120000e+03	  1.0000000e-03
  2.3130000e+03	  1.0000000e-03
  2.3140000e+03	  1.0000000e-03
  2.3150000e+03	  1.0000000e-03
  2.3160000e+03	  1.0000000e-03
  2.3170000e+03	  1.0000000e-03
  2.3180000e+03	  1.0000000e-03
  2.3190000e+03	  1.0000000e-03
  2.3200000e+03	  1.0000000e-03
  2.3210000e+03	  1.0000000e-03
  2.3220000e+03	  1.0000000e-03
  2.3230000e+03	  1.0000000e-03
  2.3240000e+03	  1.0000000e-03
  2.3250000e+03	  4.8030000e-02
  2.3260000e+03	  2.9387099e-01
  2.3270000e+03	  9.7250068e-01
  2.3280000e+03	  1.0000000e+00
  2.3290000e+03	  1.0000000e+00
  2.3300000e+03	  1.0000000e+00
  2.3310000e+03	  1.0000000e+00
  2.3320000e+03	  1.0000000e+00
  2.3330000e+03	  1.0000000e+00
  2.3340000e+03	  1.0000000e+00
  2.3350000e+03	  1.0000000e+00
  2.3360000e+03	  1.0000000e+00
  2.3370000e+03	  1.0000000e+00
  2.3380000e+03	  1.0000000e+00
  2.3390000e+03	  1.0000000e+00
  2.3400000e+03	  1.0000000e+00
  2.3410000e+03	  1.0000000e+00
  2.3420000e+03	  1.0000000e+00
  2.3430000e+03	  1.0000000e+00
  2.3440000e+03	  1.0000000e+00
  2.3450000e+03	  1.0000000e+00
  2.3460000e+03	  1.0000000e+00
  2.3470000e+03	  1.0000000e+00
  2.3480000e+03	  1.0000000e+00
  2.3490000e+03	  2.9715511e-01
  2.3500000e+03	  2.5989201e-02
  2.3510000e+03	  1.0000000e-03
  2.3520000e+03	  1.0000000e-03
  2.3530000e+03	  1.0000000e-03
  2.3540000e+03	  1.0000000e-03
  2.3550000e+03	  1.0000000e-03
  2.3560000e+03	  1.0000000e-03
  2.3570000e+03	  1.0000000e-03
  2.3580000e+03	  1.0000000e-03
  2.3590000e+03	  1.0000000e-03
  2.3600000e+03	  1.0000000e-03
  2.3610000e+03	  1.0000000e-03
  2.3620000e+03	  1.0000000e-03
  2.3630000e+03	  1.0000000e-03
  2.3640000e+03	  1.0000000e-03
  2.3650000e+03	  1.0000000e-03
  2.3660000e+03	  1.0000000e-03
  2.3670000e+03	  1.0000000e-03
  2.3680000e+03	  1.0000000e-03
  2.3690000e+03	  1.0000000e-03
  2.3700000e+03	  1.0000000e-03
  2.3710000e+03	  1.0000000e-03
  2.3720000e+03	  2.0391460e-01
  2.3730000e+03	  9.4823748e-01
  2.3740000e+03	  1.0000000e+00
  2.3750000e+03	  1.0000000e+00
  2.3760000e+03	  1.0000000e+00
  2.3770000e+03	  1.0000000e+00
  2.3780000e+03	  1.0000000e+00
  2.3790000e+03	  1.0000000e+00
  2.3800000e+03	  1.0000000e+00
  2.3810000e+03	  1.0000000e+00
  2.3820000e+03	  1.0000000e+00
  2.3830000e+03	  1.0000000e+00
  2.3840000e+03	  1.0000000e+00
  2.3850000e+03	  1.0000000e+00
  2.3860000e+03	  1.0000000e+00
  2.3870000e+03	  1.0000000e+00
  2.3880000e+03	  1.0000000e+00
  2.3890000e+03	  1.0000000e+00
  2.3900000e+03	  1.0000000e+00
  2.3910000e+03	  1.0000000e+00
  2.3920000e+03	  1.0000000e+00
  2.3930000e+03	  1.0000000e+00
  2.3940000e+03	  1.0000000e+00
  2.3950000e+03	  2.7074921e-01
  2.3960000e+03	  1.0000000e-03
  2.3970000e+03	  1.0000000e-03
  2.3980000e+03	  1.0000000e-03
  2.3990000e+03	  1.0000000e-03
  2.4000000e+03	  1.0000000e-03
  2.4010000e+03	  1.0000000e-03
  2.4020000e+03	  1.0000000e-03
  2.4030000e+03	  1.0000000e-03
  2.4040000e+03	  1.0000000e-03
  2.4050000e+03	  1.0000000e-03
  2.4060000e+03	  1.0000000e-03
  2.4070000e+03	  1.0000000e-03
  2.4080000e+03	  1.0000000e-03
  2.4090000e+03	  1.0000000e-03
  2.4100000e+03	  1.0000000e-03
  2.4110000e+03	  1.0000000e-03
  2.4120000e+03	  1.0000000e-03
  2.4130000e+03	  1.0000000e-03
  2.4140000e+03	  1.0000000e-03
  2.4150000e+03	  1.0000000e-03
  2.4160000e+03	  1.0000000e-03
  2.4170000e+03	  1.0000000e-03
  2.4180000e+03	  2.3128070e-01
  2.4190000e+03	  8.8908827e-01
  2.4200000e+03	  1.0000000e+00
  2.4210000e+03	  1.0000000e+00
  2.4220000e+03	  1.0000000e+00
  2.4230000e+03	  1.0000000e+00
  2.4240000e+03	  1.0000000e+00
  2.4250000e+03	  1.0000000e+00
  2.4260000e+03	  1.0000000e+00
  2.4270000e+03	  1.0000000e+00
  2.4280000e+03	  1.0000000e+00
  2.4290000e+03	  1.0000000e+00
  2.4300000e+03	  1.0000000e+00
  2.4310000e+03	  1.0000000e+00
  2.4320000e+03	  1.0000000e+00
  2.4330000e+03	  1.0000000e+00
  2.4340000e+03	  1.0000000e+00
  2.4350000e+03	  1.0000000e+00
  2.4360000e+03	  1.0000000e+00
  2.4370000e+03	  1.0000000e+00
  2.4380000e+03	  1.0000000e+00
  2.4390000e+03	  1.0000000e+00
  2.4400000e+03	  1.0000000e+00
  2.4410000e+03	  2.8932181e-01
  2.4420000e+03	  2.8832730e-02
  2.4430000e+03	  1.0000000e-03
  2.4440000e+03	  1.0000000e-03
  2.4450000e+03	  1.0000000e-03
  2.4460000e+03	  1.0000000e-03
  2.4470000e+03	  1.0000000e-03
  2.4480000e+03	  1.0000000e-03
  2.4490000e+03	  1.0000000e-03
  2.4500000e+03	  1.0000000e-03
  2.4510000e+03	  1.0000000e-03
  2.4520000e+03	  1.0000000e-03
  2.4530000e+03	  1.0000000e-03
  2.4540000e+03	  1.0000000e-03
  2.4550000e+03	  1.0000000e-03
  2.4560000e+03	  1.0000000e-03
  2.4570000e+03	  1.0000000e-03
  2.4580000e+03	  1.0000000e-03
  2.4590000e+03	  1.0000000e-03
  2.4600000e+03	  1.0000000e-03
  2.4610000e+03	  1.0000000e-03
  2.4620000e+03	  1.0000000e-03
  2.4630000e+03	  1.0000000e-03
  2.4640000e+03	  1.4069410e-01
  2.4650000e+03	  8.7212312e-01
  2.4660000e+03	  1.0000000e+00
  2.4670000e+03	  1.0000000e+00
  2.4680000e+03	  1.0000000e+00
  2.4690000e+03	  1.0000000e+00
  2.4700000e+03	  1.0000000e+00
  2.4710000e+03	  1.0000000e+00
  2.4720000e+03	  1.0000000e+00
  2.4730000e+03	  1.0000000e+00
  2.4740000e+03	  1.0000000e+00
  2.4750000e+03	  1.0000000e+00
  2.4760000e+03	  1.0000000e+00
  2.4770000e+03	  1.0000000e+00
  2.4780000e+03	  1.0000000e+00
  2.4790000e+03	  1.0000000e+00
  2.4800000e+03	  1.0000000e+00
  2.4810000e+03	  1.0000000e+00
  2.4820000e+03	  1.0000000e+00
  2.4830000e+03	  1.0000000e+00
  2.4840000e+03	  1.0000000e+00
  2.4850000e+03	  1.0000000e+00
  2.4860000e+03	  1.0000000e+00
  2.4870000e+03	  2.6309580e-01
  2.4880000e+03	  4.6215551e-03
  2.4890000e+03	  1.0000000e-03
  2.4900000e+03	  1.0000000e-03
  2.4910000e+03	  1.0000000e-03
  2.4920000e+03	  1.0000000e-03
  2.4930000e+03	  1.0000000e-03
  2.4940000e+03	  1.0000000e-03
  2.4950000e+03	  1.0000000e-03
  2.4960000e+03	  1.0000000e-03
  2.4970000e+03	  1.0000000e-03
  2.4980000e+03	  1.0000000e-03
  2.4990000e+03	  1.0000000e-03
  2.5000000e+03	  1.0000000e-03
  2.5010000e+03	  1.0000000e-03
  2.5020000e+03	  1.0000000e-03
  2.5030000e+03	  1.0000000e-03
  2.5040000e+03	  1.0000000e-03
  2.5050000e+03	  1.0000000e-03
  2.5060000e+03	  1.0000000e-03
  2.5070000e+03	  1.0000000e-03
  2.5080000e+03	  1.0000000e-03
  2.5090000e+03	  1.0000000e-03
  2.5100000e+03	  1.7823499e-01
  2.5110000e+03	  8.0667341e-01
  2.5120000e+03	  1.0000000e+00
  2.5130000e+03	  1.0000000e+00
  2.5140000e+03	  1.0000000e+00
  2.5150000e+03	  1.0000000e+00
  2.5160000e+03	  1.0000000e+00
  2.5170000e+03	  1.0000000e+00
  2.5180000e+03	  1.0000000e+00
  2.5190000e+03	  1.0000000e+00
  2.5200000e+03	  1.0000000e+00
  2.5210000e+03	  1.0000000e+00
  2.5220000e+03	  1.0000000e+00
  2.5230000e+03	  1.0000000e+00
  2.5240000e+03	  1.0000000e+00
  2.5250000e+03	  1.0000000e+00
  2.5260000e+03	  1.0000000e+00
  2.5270000e+03	  1.0000000e+00
  2.5280000e+03	  1.0000000e+00
  2.5290000e+03	  1.0000000e+00
  2.5300000e+03	  1.0000000e+00
  2.5310000e+03	  1.0000000e+00
  2.5320000e+03	  1.0000000e+00
  2.5330000e+03	  2.8087270e-01
  2.5340000e+03	  2.6632709e-02
  2.5350000e+03	  1.0000000e-03
  2.5360000e+03	  1.0000000e-03
  2.5370000e+03	  1.0000000e-03
  2.5380000e+03	  1.0000000e-03
  2.5390000e+03	  1.0000000e-03
  2.5400000e+03	  1.0000000e-03
  2.5410000e+03	  1.0000000e-03
  2.5420000e+03	  1.0000000e-03
  2.5430000e+03	  1.0000000e-03
  2.5440000e+03	  1.0000000e-03
  2.5450000e+03	  1.0000000e-03
  2.5460000e+03	  1.0000000e-03
  2.5470000e+03	  1.0000000e-03
  2.5480000e+03	  1.0000000e-03
  2.5490000e+03	  1.0000000e-03
  2.5500000e+03	  1.0000000e-03
  2.5510000e+03	  1.0000000e-03
  2.5520000e+03	  1.0000000e-03
  2.5530000e+03	  1.0000000e-03
  2.5540000e+03	  1.0000000e-03
  2.5550000e+03	  1.0000000e-03
  2.5560000e+03	  9.2075586e-02
  2.5570000e+03	  8.0375928e-01
  2.5580000e+03	  1.0000000e+00
  2.5590000e+03	  1.0000000e+00
  2.5600000e+03	  1.0000000e+00
  2.5610000e+03	  1.0000000e+00
  2.5620000e+03	  1.0000000e+00
  2.5630000e+03	  1.0000000e+00
  2.5640000e+03	  1.0000000e+00
  2.5650000e+03	  1.0000000e+00
  2.5660000e+03	  1.0000000e+00
  2.5670000e+03	  1.0000000e+00
  2.5680000e+03	  1.0000000e+00
  2.5690000e+03	  1.0000000e+00
  2.5700000e+03	  1.0000000e+00
  2.5710000e+03	  1.0000000e+00
  2.5720000e+03	  1.0000000e+00
  2.5730000e+03	  1.0000000e+00
  2.5740000e+03	  1.0000000e+00
  2.5750000e+03	  1.0000000e+00
  2.5760000e+03	  1.0000000e+00
  2.5770000e+03	  1.0000000e+00
  2.5780000e+03	  1.0000000e+00
  2.5790000e+03	  2.5454399e-01
  2.5800000e+03	  3.0913070e-02
  2.5810000e+03	  1.0000000e-03
  2.5820000e+03	  1.0000000e-03
  2.5830000e+03	  1.0000000e-03
  2.5840000e+03	  1.0000000e-03
  2.5850000e+03	  1.0000000e-03
  2.5860000e+03	  1.0000000e-03
  2.5870000e+03	  1.0000000e-03
  2.5880000e+03	  1.0000000e-03
  2.5890000e+03	  1.0000000e-03
  2.5900000e+03	  1.0000000e-03
  2.5910000e+03	  1.0000000e-03
  2.5920000e+03	  1.0000000e-03
  2.5930000e+03	  1.0000000e-03
  2.5940000e+03	  1.0000000e-03
  2.5950000e+03	  1.0000000e-03
  2.5960000e+03	  1.0000000e-03
  2.5970000e+03	  1.0000000e-03
  2.5980000e+03	  1.0000000e-03
  2.5990000e+03	  1.0000000e-03
  2.6000000e+03	  1.0000000e-03
  2.6010000e+03	  1.0000000e-03
  2.6020000e+03	  1.3681901e-01
  2.6030000e+03	  7.3165733e-01
  2.6040000e+03	  1.0000000e+00
  2.6050000e+03	  1.0000000e+00
  2.6060000e+03	  1.0000000e+00
  2.6070000e+03	  1.0000000e+00
  2.6080000e+03	  1.0000000e+00
  2.6090000e+03	  1.0000000e+00
  2.6100000e+03	  1.0000000e+00
  2.6110000e+03	  1.0000000e+00
  2.6120000e+03	  1.0000000e+00
  2.6130000e+03	  1.0000000e+00
  2.6140000e+03	  1.0000000e+00
  2.6150000e+03	  1.0000000e+00
  2.6160000e+03	  1.0000000e+00
  2.6170000e+03	  1.0000000e+00
  2.6180000e+03	  1.0000000e+00
  2.6190000e+03	  1.0000000e+00
  2.6200000e+03	  1.0000000e+00
  2.6210000e+03	  1.0000000e+00
  2.6220000e+03	  1.0000000e+00
  2.6230000e+03	  1.0000000e+00
  2.6240000e+03	  1.0000000e+00
  2.6250000e+03	  2.7224389e-01
  2.6260000e+03	  2.4275109e-02
  2.6270000e+03	  1.0000000e-03
  2.6280000e+03	  1.0000000e-03
  2.6290000e+03	  1.0000000e-03
  2.6300000e+03	  1.0000000e-03
  2.6310000e+03	  1.0000000e-03
  2.6320000e+03	  1.0000000e-03
  2.6330000e+03	  1.0000000e-03
  2.6340000e+03	  1.0000000e-03
  2.6350000e+03	  1.0000000e-03
  2.6360000e+03	  1.0000000e-03
  2.6370000e+03	  1.0000000e-03
  2.6380000e+03	  1.0000000e-03
  2.6390000e+03	  1.0000000e-03
  2.6400000e+03	  1.0000000e-03
  2.6410000e+03	  1.0000000e-03
  2.6420000e+03	  1.0000000e-03
  2.6430000e+03	  1.0000000e-03
  2.6440000e+03	  1.0000000e-03
  2.6450000e+03	  1.0000000e-03
  2.6460000e+03	  1.0000000e-03
  2.6470000e+03	  1.0000000e-03
  2.6480000e+03	  6.0538821e-02
  2.6490000e+03	  7.4544251e-01
  2.6500000e+03	  1.0000000e+00
  2.6510000e+03	  1.0000000e+00
  2.6520000e+03	  1.0000000e+00
  2.6530000e+03	  1.0000000e+00
  2.6540000e+03	  1.0000000e+00
  2.6550000e+03	  1.0000000e+00
  2.6560000e+03	  1.0000000e+00
  2.6570000e+03	  1.0000000e+00
  2.6580000e+03	  1.0000000e+00
  2.6590000e+03	  1.0000000e+00
  2.6600000e+03	  1.0000000e+00
  2.6610000e+03	  1.0000000e+00
  2.6620000e+03	  1.0000000e+00
  2.6630000e+03	  1.0000000e+00
  2.6640000e+03	  1.0000000e+00
  2.6650000e+03	  1.0000000e+00
  2.6660000e+03	  1.0000000e+00
  2.6670000e+03	  1.0000000e+00
  2.6680000e+03	  1.0000000e+00
  2.6690000e+03	  1.0000000e+00
  2.6700000e+03	  1.0000000e+00
  2.6710000e+03	  2.4621180e-01
  2.6720000e+03	  1.0000000e-03
  2.6730000e+03	  1.0000000e-03
  2.6740000e+03	  1.0000000e-03
  2.6750000e+03	  1.0000000e-03
  2.6760000e+03	  1.0000000e-03
  2.6770000e+03	  1.0000000e-03
  2.6780000e+03	  1.0000000e-03
  2.6790000e+03	  1.0000000e-03
  2.6800000e+03	  1.0000000e-03
  2.6810000e+03	  1.0000000e-03
  2.6820000e+03	  1.0000000e-03
  2.6830000e+03	  1.0000000e-03
  2.6840000e+03	  1.0000000e-03
  2.6850000e+03	  1.0000000e-03
  2.6860000e+03	  1.0000000e-03
  2.6870000e+03	  1.0000000e-03
  2.6880000e+03	  1.0000000e-03
  2.6890000e+03	  1.0000000e-03
  2.6900000e+03	  1.0000000e-03
  2.6910000e+03	  1.0000000e-03
  2.6920000e+03	  1.0000000e-03
  2.6930000e+03	  1.0000000e-03
  2.6940000e+03	  1.0746570e-01
  2.6950000e+03	  6.7089587e-01
  2.6960000e+03	  1.0000000e+00
  2.6970000e+03	  1.0000000e+00
  2.6980000e+03	  1.0000000e+00
  2.6990000e+03	  1.0000000e+00
  2.7000000e+03	  1.0000000e+00
  2.7010000e+03	  1.0000000e+00
  2.7020000e+03	  1.0000000e+00
  2.7030000e+03	  1.0000000e+00
  2.7040000e+03	  1.0000000e+00
  2.7050000e+03	  1.0000000e+00
  2.7060000e+03	  1.0000000e+00
  2.7070000e+03	  1.0000000e+00
  2.7080000e+03	  1.0000000e+00
  2.7090000e+03	  1.0000000e+00
  2.7100000e+03	  1.0000000e+00
  2.7110000e+03	  1.0000000e+00
  2.7120000e+03	  1.0000000e+00
  2.7130000e+03	  1.0000000e+00
  2.7140000e+03	  1.0000000e+00
  2.7150000e+03	  1.0000000e+00
  2.7160000e+03	  1.0000000e+00
  2.7170000e+03	  2.6443511e-01
  2.7180000e+03	  1.0000000e-03
  2.7190000e+03	  1.0000000e-03
  2.7200000e+03	  1.0000000e-03
  2.7210000e+03	  1.0000000e-03
  2.7220000e+03	  1.0000000e-03
  2.7230000e+03	  1.0000000e-03
  2.7240000e+03	  1.0000000e-03
  2.7250000e+03	  1.0000000e-03
  2.7260000e+03	  1.0000000e-03
  2.7270000e+03	  1.0000000e-03
  2.7280000e+03	  1.0000000e-03
  2.7290000e+03	  1.0000000e-03
  2.7300000e+03	  1.0000000e-03
  2.7310000e+03	  1.0000000e-03
  2.7320000e+03	  1.0000000e-03
  2.7330000e+03	  1.0000000e-03
  2.7340000e+03	  1.0000000e-03
  2.7350000e+03	  1.0000000e-03
  2.7360000e+03	  1.0000000e-03
  2.7370000e+03	  1.0000000e-03
  2.7380000e+03	  1.0000000e-03
  2.7390000e+03	  1.0000000e-03
  2.7400000e+03	  4.4340160e-02
  2.7410000e+03	  7.0212573e-01
  2.7420000e+03	  1.0000000e+00
  2.7430000e+03	  1.0000000e+00
  2.7440000e+03	  1.0000000e+00
  2.7450000e+03	  1.0000000e+00
  2.7460000e+03	  1.0000000e+00
  2.7470000e+03	  1.0000000e+00
  2.7480000e+03	  1.0000000e+00
  2.7490000e+03	  1.0000000e+00
  2.7500000e+03	  1.0000000e+00
  2.7510000e+03	  1.0000000e+00
  2.7520000e+03	  1.0000000e+00
  2.7530000e+03	  1.0000000e+00
  2.7540000e+03	  1.0000000e+00
  2.7550000e+03	  1.0000000e+00
  2.7560000e+03	  1.0000000e+00
  2.7570000e+03	  1.0000000e+00
  2.7580000e+03	  1.0000000e+00
  2.7590000e+03	  1.0000000e+00
  2.7600000e+03	  1.0000000e+00
  2.7610000e+03	  1.0000000e+00
  2.7620000e+03	  1.0000000e+00
  2.7630000e+03	  2.3850200e-01
  2.7640000e+03	  1.0000000e-03
  2.7650000e+03	  1.0000000e-03
  2.7660000e+03	  1.0000000e-03
  2.7670000e+03	  1.0000000e-03
  2.7680000e+03	  1.0000000e-03
  2.7690000e+03	  1.0000000e-03
  2.7700000e+03	  1.0000000e-03
  2.7710000e+03	  1.0000000e-03
  2.7720000e+03	  1.0000000e-03
  2.7730000e+03	  1.0000000e-03
  2.7740000e+03	  1.0000000e-03
  2.7750000e+03	  1.0000000e-03
  2.7760000e+03	  1.0000000e-03
  2.7770000e+03	  1.0000000e-03
  2.7780000e+03	  1.0000000e-03
  2.7790000e+03	  1.0000000e-03
  2.7800000e+03	  1.0000000e-03
  2.7810000e+03	  1.0000000e-03
  2.7820000e+03	  1.0000000e-03
  2.7830000e+03	  1.0000000e-03
  2.7840000e+03	  1.0000000e-03
  2.7850000e+03	  1.7498560e-02
  2.7860000e+03	  9.8817058e-02
  2.7870000e+03	  6.2739390e-01
  2.7880000e+03	  1.0000000e+00
  2.7890000e+03	  1.0000000e+00
  2.7900000e+03	  1.0000000e+00
  2.7910000e+03	  1.0000000e+00
  2.7920000e+03	  1.0000000e+00
  2.7930000e+03	  1.0000000e+00
  2.7940000e+03	  1.0000000e+00
  2.7950000e+03	  1.0000000e+00
  2.7960000e+03	  1.0000000e+00
  2.7970000e+03	  1.0000000e+00
  2.7980000e+03	  1.0000000e+00
  2.7990000e+03	  1.0000000e+00
  2.8000000e+03	  1.0000000e+00
  2.8010000e+03	  1.0000000e+00
  2.8020000e+03	  1.0000000e+00
  2.8030000e+03	  1.0000000e+00
  2.8040000e+03	  1.0000000e+00
  2.8050000e+03	  1.0000000e+00
  2.8060000e+03	  1.0000000e+00
  2.8070000e+03	  1.0000000e+00
  2.8080000e+03	  1.0000000e+00
  2.8090000e+03	  2.5871161e-01
  2.8100000e+03	  1.9428041e-02
  2.8110000e+03	  1.0000000e-03
  2.8120000e+03	  1.0000000e-03
  2.8130000e+03	  1.0000000e-03
  2.8140000e+03	  1.0000000e-03
  2.8150000e+03	  1.0000000e-03
  2.8160000e+03	  1.0000000e-03
  2.8170000e+03	  1.0000000e-03
  2.8180000e+03	  1.0000000e-03
  2.8190000e+03	  1.0000000e-03
  2.8200000e+03	  1.0000000e-03
  2.8210000e+03	  1.0000000e-03
  2.8220000e+03	  1.0000000e-03
  2.8230000e+03	  1.0000000e-03
  2.8240000e+03	  1.0000000e-03
  2.8250000e+03	  1.0000000e-03
  2.8260000e+03	  1.0000000e-03
  2.8270000e+03	  1.0000000e-03
  2.8280000e+03	  1.0000000e-03
  2.8290000e+03	  1.0000000e-03
  2.8300000e+03	  1.0000000e-03
  2.8310000e+03	  1.0000000e-03
  2.8320000e+03	  1.5024669e-01
  2.8330000e+03	  6.7924881e-01
  2.8340000e+03	  1.0000000e+00
  2.8350000e+03	  1.0000000e+00
  2.8360000e+03	  1.0000000e+00
  2.8370000e+03	  1.0000000e+00
  2.8380000e+03	  1.0000000e+00
  2.8390000e+03	  1.0000000e+00
  2.8400000e+03	  1.0000000e+00
  2.8410000e+03	  1.0000000e+00
  2.8420000e+03	  1.0000000e+00
  2.8430000e+03	  1.0000000e+00
  2.8440000e+03	  1.0000000e+00
  2.8450000e+03	  1.0000000e+00
  2.8460000e+03	  1.0000000e+00
  2.8470000e+03	  1.0000000e+00
  2.8480000e+03	  1.0000000e+00
  2.8490000e+03	  1.0000000e+00
  2.8500000e+03	  1.0000000e+00
  2.8510000e+03	  1.0000000e+00
  2.8520000e+03	  1.0000000e+00
  2.8530000e+03	  1.0000000e+00
  2.8540000e+03	  1.0000000e+00
  2.8550000e+03	  2.3139210e-01
  2.8560000e+03	  1.0000000e-03
  2.8570000e+03	  1.0000000e-03
  2.8580000e+03	  1.0000000e-03
  2.8590000e+03	  1.0000000e-03
  2.8600000e+03	  1.0000000e-03
  2.8610000e+03	  1.0000000e-03
  2.8620000e+03	  1.0000000e-03
  2.8630000e+03	  1.0000000e-03
  2.8640000e+03	  1.0000000e-03
  2.8650000e+03	  1.0000000e-03
  2.8660000e+03	  1.0000000e-03
  2.8670000e+03	  1.0000000e-03
  2.8680000e+03	  1.0000000e-03
  2.8690000e+03	  1.0000000e-03
  2.8700000e+03	  1.0000000e-03
  2.8710000e+03	  1.0000000e-03
  2.8720000e+03	  1.0000000e-03
  2.8730000e+03	  1.0000000e-03
  2.8740000e+03	  1.0000000e-03
  2.8750000e+03	  1.0000000e-03
  2.8760000e+03	  1.0000000e-03
  2.8770000e+03	  7.9563856e-03
  2.8780000e+03	  1.7612180e-01
  2.8790000e+03	  6.3455129e-01
  2.8800000e+03	  1.0000000e+00
  2.8810000e+03	  1.0000000e+00
  2.8820000e+03	  1.0000000e+00
  2.8830000e+03	  1.0000000e+00
  2.8840000e+03	  1.0000000e+00
  2.8850000e+03	  1.0000000e+00
  2.8860000e+03	  1.0000000e+00
  2.8870000e+03	  1.0000000e+00
  2.8880000e+03	  1.0000000e+00
  2.8890000e+03	  1.0000000e+00
  2.8900000e+03	  1.0000000e+00
  2.8910000e+03	  1.0000000e+00
  2.8920000e+03	  1.0000000e+00
  2.8930000e+03	  1.0000000e+00
  2.8940000e+03	  1.0000000e+00
  2.8950000e+03	  1.0000000e+00
  2.8960000e+03	  1.0000000e+00
  2.8970000e+03	  1.0000000e+00
  2.8980000e+03	  1.0000000e+00
  2.8990000e+03	  1.0000000e+00
  2.9000000e+03	  1.0000000e+00
  2.9010000e+03	  2.5320831e-01
  2.9020000e+03	  1.0000000e-03
  2.9030000e+03	  1.0000000e-03
  2.9040000e+03	  1.0000000e-03
  2.9050000e+03	  1.0000000e-03
  2.9060000e+03	  1.0000000e-03
  2.9070000e+03	  1.0000000e-03
  2.9080000e+03	  1.0000000e-03
  2.9090000e+03	  1.0000000e-03
  2.9100000e+03	  1.0000000e-03
  2.9110000e+03	  1.0000000e-03
  2.9120000e+03	  1.0000000e-03
  2.9130000e+03	  1.0000000e-03
  2.9140000e+03	  1.0000000e-03
  2.9150000e+03	  1.0000000e-03
  2.9160000e+03	  1.0000000e-03
  2.9170000e+03	  1.0000000e-03
  2.9180000e+03	  1.0000000e-03
  2.9190000e+03	  1.0000000e-03
  2.9200000e+03	  1.0000000e-03
  2.9210000e+03	  1.0000000e-03
  2.9220000e+03	  1.0000000e-03
  2.9230000e+03	  1.0000000e-03
  2.9240000e+03	  5.3270921e-02
  2.9250000e+03	  5.9455848e-01
  2.9260000e+03	  1.0000000e+00
  2.9270000e+03	  1.0000000e+00
  2.9280000e+03	  1.0000000e+00
  2.9290000e+03	  1.0000000e+00
  2.9300000e+03	  1.0000000e+00
  2.9310000e+03	  1.0000000e+00
  2.9320000e+03	  1.0000000e+00
  2.9330000e+03	  1.0000000e+00
  2.9340000e+03	  1.0000000e+00
  2.9350000e+03	  1.0000000e+00
  2.9360000e+03	  1.0000000e+00
  2.9370000e+03	  1.0000000e+00
  2.9380000e+03	  1.0000000e+00
  2.9390000e+03	  1.0000000e+00
  2.9400000e+03	  1.0000000e+00
  2.9410000e+03	  1.0000000e+00
  2.9420000e+03	  1.0000000e+00
  2.9430000e+03	  1.0000000e+00
  2.9440000e+03	  1.0000000e+00
  2.9450000e+03	  1.0000000e+00
  2.9460000e+03	  1.0000000e+00
  2.9470000e+03	  2.2295199e-01
  2.9480000e+03	  2.3268780e-02
  2.9490000e+03	  1.0000000e-03
  2.9500000e+03	  1.0000000e-03
  2.9510000e+03	  1.0000000e-03
  2.9520000e+03	  1.0000000e-03
  2.9530000e+03	  1.0000000e-03
  2.9540000e+03	  1.0000000e-03
  2.9550000e+03	  1.0000000e-03
  2.9560000e+03	  1.0000000e-03
  2.9570000e+03	  1.0000000e-03
  2.9580000e+03	  1.0000000e-03
  2.9590000e+03	  1.0000000e-03
  2.9600000e+03	  1.0000000e-03
  2.9610000e+03	  1.0000000e-03
  2.9620000e+03	  1.0000000e-03
  2.9630000e+03	  1.0000000e-03
  2.9640000e+03	  1.0000000e-03
  2.9650000e+03	  1.0000000e-03
  2.9660000e+03	  1.0000000e-03
  2.9670000e+03	  1.0000000e-03
  2.9680000e+03	  1.0000000e-03
  2.9690000e+03	  1.0000000e-03
  2.9700000e+03	  8.0893539e-02
  2.9710000e+03	  5.7676309e-01
  2.9720000e+03	  1.0000000e+00
  2.9730000e+03	  1.0000000e+00
  2.9740000e+03	  1.0000000e+00
  2.9750000e+03	  1.0000000e+00
  2.9760000e+03	  1.0000000e+00
  2.9770000e+03	  1.0000000e+00
  2.9780000e+03	  1.0000000e+00
  2.9790000e+03	  1.0000000e+00
  2.9800000e+03	  1.0000000e+00
  2.9810000e+03	  1.0000000e+00
  2.9820000e+03	  1.0000000e+00
  2.9830000e+03	  1.0000000e+00
  2.9840000e+03	  1.0000000e+00
  2.9850000e+03	  1.0000000e+00
  2.9860000e+03	  1.0000000e+00
  2.9870000e+03	  1.0000000e+00
  2.9880000e+03	  1.0000000e+00
  2.9890000e+03	  1.0000000e+00
  2.9900000e+03	  1.0000000e+00
  2.9910000e+03	  1.0000000e+00
  2.9920000e+03	  1.0000000e+00
  2.9930000e+03	  2.4780850e-01
  2.9940000e+03	  1.3204950e-02
  2.9950000e+03	  1.0000000e-03
  2.9960000e+03	  1.0000000e-03
  2.9970000e+03	  1.0000000e-03
  2.9980000e+03	  1.0000000e-03
  2.9990000e+03	  1.0000000e-03
  3.0000000e+03	  1.0000000e-03
  3.0010000e+03	  1.0000000e-03
  3.0020000e+03	  1.0000000e-03
  3.0030000e+03	  1.0000000e-03
  3.0040000e+03	  1.0000000e-03
  3.0050000e+03	  1.0000000e-03
  3.0060000e+03	  1.0000000e-03
  3.0070000e+03	  1.0000000e-03
  3.0080000e+03	  1.0000000e-03
  3.0090000e+03	  1.0000000e-03
  3.0100000e+03	  1.0000000e-03
  3.0110000e+03	  1.0000000e-03
  3.0120000e+03	  1.0000000e-03
  3.0130000e+03	  1.0000000e-03
  3.0140000e+03	  1.0000000e-03
  3.0150000e+03	  1.0000000e-03
  3.0160000e+03	  8.7652966e-02
  3.0170000e+03	  6.0205352e-01
  3.0180000e+03	  1.0000000e+00
  3.0190000e+03	  1.0000000e+00
  3.0200000e+03	  1.0000000e+00
  3.0210000e+03	  1.0000000e+00
  3.0220000e+03	  1.0000000e+00
  3.0230000e+03	  1.0000000e+00
  3.0240000e+03	  1.0000000e+00
  3.0250000e+03	  1.0000000e+00
  3.0260000e+03	  1.0000000e+00
  3.0270000e+03	  1.0000000e+00
  3.0280000e+03	  1.0000000e+00
  3.0290000e+03	  1.0000000e+00
  3.0300000e+03	  1.0000000e+00
  3.0310000e+03	  1.0000000e+00
  3.0320000e+03	  1.0000000e+00
  3.0330000e+03	  1.0000000e+00
  3.0340000e+03	  1.0000000e+00
  3.0350000e+03	  1.0000000e+00
  3.0360000e+03	  1.0000000e+00
  3.0370000e+03	  1.0000000e+00
  3.0380000e+03	  1.0000000e+00
  3.0390000e+03	  2.1378040e-01
  3.0400000e+03	  2.1640200e-02
  3.0410000e+03	  1.0000000e-03
  3.0420000e+03	  1.0000000e-03
  3.0430000e+03	  1.0000000e-03
  3.0440000e+03	  1.0000000e-03
  3.0450000e+03	  1.0000000e-03
  3.0460000e+03	  1.0000000e-03
  3.0470000e+03	  1.0000000e-03
  3.0480000e+03	  1.0000000e-03
  3.0490000e+03	  1.0000000e-03
  3.0500000e+03	  1.0000000e-03
  3.0510000e+03	  1.0000000e-03
  3.0520000e+03	  1.0000000e-03
  3.0530000e+03	  1.0000000e-03
  3.0540000e+03	  1.0000000e-03
  3.0550000e+03	  1.0000000e-03
  3.0560000e+03	  1.0000000e-03
  3.0570000e+03	  1.0000000e-03
  3.0580000e+03	  1.0000000e-03
  3.0590000e+03	  1.0000000e-03
  3.0600000e+03	  1.0000000e-03
  3.0610000e+03	  1.0000000e-03
  3.0620000e+03	  8.8382088e-02
  3.0630000e+03	  5.8320493e-01
  3.0640000e+03	  1.0000000e+00
  3.0650000e+03	  1.0000000e+00
  3.0660000e+03	  1.0000000e+00
  3.0670000e+03	  1.0000000e+00
  3.0680000e+03	  1.0000000e+00
  3.0690000e+03	  1.0000000e+00
  3.0700000e+03	  1.0000000e+00
  3.0710000e+03	  1.0000000e+00
  3.0720000e+03	  1.0000000e+00
  3.0730000e+03	  1.0000000e+00
  3.0740000e+03	  1.0000000e+00
  3.0750000e+03	  1.0000000e+00
  3.0760000e+03	  1.0000000e+00
  3.0770000e+03	  1.0000000e+00
  3.0780000e+03	  1.0000000e+00
  3.0790000e+03	  1.0000000e+00
  3.0800000e+03	  1.0000000e+00
  3.0810000e+03	  1.0000000e+00
  3.0820000e+03	  1.0000000e+00
  3.0830000e+03	  1.0000000e+00
  3.0840000e+03	  1.0000000e+00
  3.0850000e+03	  2.4301600e-01
  3.0860000e+03	  1.0000000e-03
  3.0870000e+03	  1.0000000e-03
  3.0880000e+03	  1.0000000e-03
  3.0890000e+03	  1.0000000e-03
  3.0900000e+03	  1.0000000e-03
  3.0910000e+03	  1.0000000e-03
  3.0920000e+03	  1.0000000e-03
  3.0930000e+03	  1.0000000e-03
  3.0940000e+03	  1.0000000e-03
  3.0950000e+03	  1.0000000e-03
  3.0960000e+03	  1.0000000e-03
  3.0970000e+03	  1.0000000e-03
  3.0980000e+03	  1.0000000e-03
  3.0990000e+03	  1.0000000e-03
  3.1000000e+03	  1.0000000e-03
  3.1010000e+03	  1.0000000e-03
  3.1020000e+03	  1.0000000e-03
  3.1030000e+03	  1.0000000e-03
  3.1040000e+03	  1.0000000e-03
  3.1050000e+03	  1.0000000e-03
  3.1060000e+03	  1.0000000e-03
  3.1070000e+03	  1.0000000e-03
  3.1080000e+03	  9.8242007e-02
  3.1090000e+03	  6.0688919e-01
  3.1100000e+03	  1.0000000e+00
  3.1110000e+03	  1.0000000e+00
  3.1120000e+03	  1.0000000e+00
  3.1130000e+03	  1.0000000e+00
  3.1140000e+03	  1.0000000e+00
  3.1150000e+03	  1.0000000e+00
  3.1160000e+03	  1.0000000e+00
  3.1170000e+03	  1.0000000e+00
  3.1180000e+03	  1.0000000e+00
  3.1190000e+03	  1.0000000e+00
  3.1200000e+03	  1.0000000e+00
  3.1210000e+03	  1.0000000e+00
  3.1220000e+03	  1.0000000e+00
  3.1230000e+03	  1.0000000e+00
  3.1240000e+03	  1.0000000e+00
  3.1250000e+03	  1.0000000e+00
  3.1260000e+03	  1.0000000e+00
  3.1270000e+03	  1.0000000e+00
  3.1280000e+03	  1.0000000e+00
  3.1290000e+03	  1.0000000e+00
  3.1300000e+03	  1.0000000e+00
  3.1310000e+03	  2.0477550e-01
  3.1320000e+03	  1.2803440e-03
  3.1330000e+03	  1.0000000e-03
  3.1340000e+03	  1.0000000e-03
  3.1350000e+03	  1.0000000e-03
  3.1360000e+03	  1.0000000e-03
  3.1370000e+03	  1.0000000e-03
  3.1380000e+03	  1.0000000e-03
  3.1390000e+03	  1.0000000e-03
  3.1400000e+03	  1.0000000e-03
  3.1410000e+03	  1.0000000e-03
  3.1420000e+03	  1.0000000e-03
  3.1430000e+03	  1.0000000e-03
  3.1440000e+03	  1.0000000e-03
  3.1450000e+03	  1.0000000e-03
  3.1460000e+03	  1.0000000e-03
  3.1470000e+03	  1.0000000e-03
  3.1480000e+03	  1.0000000e-03
  3.1490000e+03	  1.0000000e-03
  3.1500000e+03	  1.0000000e-03
  3.1510000e+03	  1.0000000e-03
  3.1520000e+03	  1.0000000e-03
  3.1530000e+03	  1.0000000e-03
  3.1540000e+03	  9.4120860e-02
  3.1550000e+03	  5.9226829e-01
  3.1560000e+03	  1.0000000e+00
  3.1570000e+03	  1.0000000e+00
  3.1580000e+03	  1.0000000e+00
  3.1590000e+03	  1.0000000e+00
  3.1600000e+03	  1.0000000e+00
  3.1610000e+03	  1.0000000e+00
  3.1620000e+03	  1.0000000e+00
  3.1630000e+03	  1.0000000e+00
  3.1640000e+03	  1.0000000e+00
  3.1650000e+03	  1.0000000e+00
  3.1660000e+03	  1.0000000e+00
  3.1670000e+03	  1.0000000e+00
  3.1680000e+03	  1.0000000e+00
  3.1690000e+03	  1.0000000e+00
  3.1700000e+03	  1.0000000e+00
  3.1710000e+03	  1.0000000e+00
  3.1720000e+03	  1.0000000e+00
  3.1730000e+03	  1.0000000e+00
  3.1740000e+03	  1.0000000e+00
  3.1750000e+03	  1.0000000e+00
  3.1760000e+03	  1.0000000e+00
  3.1770000e+03	  2.3873730e-01
  3.1780000e+03	  1.0000000e-03
  3.1790000e+03	  1.0000000e-03
  3.1800000e+03	  1.0000000e-03
  3.1810000e+03	  1.0000000e-03
  3.1820000e+03	  1.0000000e-03
  3.1830000e+03	  1.0000000e-03
  3.1840000e+03	  1.0000000e-03
  3.1850000e+03	  1.0000000e-03
  3.1860000e+03	  1.0000000e-03
  3.1870000e+03	  1.0000000e-03
  3.1880000e+03	  1.0000000e-03
  3.1890000e+03	  1.0000000e-03
  3.1900000e+03	  1.0000000e-03
  3.1910000e+03	  1.0000000e-03
  3.1920000e+03	  1.0000000e-03
  3.1930000e+03	  1.0000000e-03
  3.1940000e+03	  1.0000000e-03
  3.1950000e+03	  1.0000000e-03
  3.1960000e+03	  1.0000000e-03
  3.1970000e+03	  1.0000000e-03
  3.1980000e+03	  1.0000000e-03
  3.1990000e+03	  1.0000000e-03
  3.2000000e+03	  9.1270126e-02
  3.2010000e+03	  6.2554121e-01
  3.2020000e+03	  1.0000000e+00
  3.2030000e+03	  1.0000000e+00
  3.2040000e+03	  1.0000000e+00
  3.2050000e+03	  1.0000000e+00
  3.2060000e+03	  1.0000000e+00
  3.2070000e+03	  1.0000000e+00
  3.2080000e+03	  1.0000000e+00
  3.2090000e+03	  1.0000000e+00
  3.2100000e+03	  1.0000000e+00
  3.2110000e+03	  1.0000000e+00
  3.2120000e+03	  1.0000000e+00
  3.2130000e+03	  1.0000000e+00
  3.2140000e+03	  1.0000000e+00
  3.2150000e+03	  1.0000000e+00
  3.2160000e+03	  1.0000000e+00
  3.2170000e+03	  1.0000000e+00
  3.2180000e+03	  1.0000000e+00
  3.2190000e+03	  1.0000000e+00
  3.2200000e+03	  1.0000000e+00
  3.2210000e+03	  1.0000000e+00
  3.2220000e+03	  1.0000000e+00
  3.2230000e+03	  1.9755021e-01
  3.2240000e+03	  1.0000000e-03
  3.2250000e+03	  1.0000000e-03
  3.2260000e+03	  1.0000000e-03
  3.2270000e+03	  1.0000000e-03
  3.2280000e+03	  1.0000000e-03
  3.2290000e+03	  1.0000000e-03
  3.2300000e+03	  1.0000000e-03
  3.2310000e+03	  1.0000000e-03
  3.2320000e+03	  1.0000000e-03
  3.2330000e+03	  1.0000000e-03
  3.2340000e+03	  1.0000000e-03
  3.2350000e+03	  1.0000000e-03
  3.2360000e+03	  1.0000000e-03
  3.2370000e+03	  1.0000000e-03
  3.2380000e+03	  1.0000000e-03
  3.2390000e+03	  1.0000000e-03
  3.2400000e+03	  1.0000000e-03
  3.2410000e+03	  1.0000000e-03
  3.2420000e+03	  1.0000000e-03
  3.2430000e+03	  1.0000000e-03
  3.2440000e+03	  1.0000000e-03
  3.2450000e+03	  1.0578990e-02
  3.2460000e+03	  1.2232630e-01
  3.2470000e+03	  6.2978148e-01
  3.2480000e+03	  1.0000000e+00
  3.2490000e+03	  1.0000000e+00
  3.2500000e+03	  1.0000000e+00
  3.2510000e+03	  1.0000000e+00
  3.2520000e+03	  1.0000000e+00
  3.2530000e+03	  1.0000000e+00
  3.2540000e+03	  1.0000000e+00
  3.2550000e+03	  1.0000000e+00
  3.2560000e+03	  1.0000000e+00
  3.2570000e+03	  1.0000000e+00
  3.2580000e+03	  1.0000000e+00
  3.2590000e+03	  1.0000000e+00
  3.2600000e+03	  1.0000000e+00
  3.2610000e+03	  1.0000000e+00
  3.2620000e+03	  1.0000000e+00
  3.2630000e+03	  1.0000000e+00
  3.2640000e+03	  1.0000000e+00
  3.2650000e+03	  1.0000000e+00
  3.2660000e+03	  1.0000000e+00
  3.2670000e+03	  1.0000000e+00
  3.2680000e+03	  1.0000000e+00
  3.2690000e+03	  2.3358040e-01
  3.2700000e+03	  8.3240522e-03
  3.2710000e+03	  1.0000000e-03
  3.2720000e+03	  1.0000000e-03
  3.2730000e+03	  1.0000000e-03
  3.2740000e+03	  1.0000000e-03
  3.2750000e+03	  1.0000000e-03
  3.2760000e+03	  1.0000000e-03
  3.2770000e+03	  1.0000000e-03
  3.2780000e+03	  1.0000000e-03
  3.2790000e+03	  1.0000000e-03
  3.2800000e+03	  1.0000000e-03
  3.2810000e+03	  1.0000000e-03
  3.2820000e+03	  1.0000000e-03
  3.2830000e+03	  1.0000000e-03
  3.2840000e+03	  1.0000000e-03
  3.2850000e+03	  1.0000000e-03
  3.2860000e+03	  1.0000000e-03
  3.2870000e+03	  1.0000000e-03
  3.2880000e+03	  1.0000000e-03
  3.2890000e+03	  1.0000000e-03
  3.2900000e+03	  1.0000000e-03
  3.2910000e+03	  1.0000000e-03
  3.2920000e+03	  2.7132469e-01
  3.2930000e+03	  8.5700572e-01
  3.2940000e+03	  1.0000000e+00
  3.2950000e+03	  1.0000000e+00
  3.2960000e+03	  1.0000000e+00
  3.2970000e+03	  1.0000000e+00
  3.2980000e+03	  1.0000000e+00
  3.2990000e+03	  1.0000000e+00
  3.3000000e+03	  1.0000000e+00
  3.3010000e+03	  1.0000000e+00
  3.3020000e+03	  1.0000000e+00
  3.3030000e+03	  1.0000000e+00
  3.3040000e+03	  1.0000000e+00
  3.3050000e+03	  1.0000000e+00
  3.3060000e+03	  1.0000000e+00
  3.3070000e+03	  1.0000000e+00
  3.3080000e+03	  1.0000000e+00
  3.3090000e+03	  1.0000000e+00
  3.3100000e+03	  1.0000000e+00
  3.3110000e+03	  1.0000000e+00
  3.3120000e+03	  1.0000000e+00
  3.3130000e+03	  1.0000000e+00
  3.3140000e+03	  1.0000000e+00
  3.3150000e+03	  1.9463859e-01
  3.3160000e+03	  1.0000000e-03
  3.3170000e+03	  1.0000000e-03
  3.3180000e+03	  1.0000000e-03
  3.3190000e+03	  1.0000000e-03
  3.3200000e+03	  1.0000000e-03
  3.3210000e+03	  1.0000000e-03
  3.3220000e+03	  1.0000000e-03
  3.3230000e+03	  1.0000000e-03
  3.3240000e+03	  1.0000000e-03
  3.3250000e+03	  1.0000000e-03
  3.3260000e+03	  1.0000000e-03
  3.3270000e+03	  1.0000000e-03
  3.3280000e+03	  1.0000000e-03
  3.3290000e+03	  1.0000000e-03
  3.3300000e+03	  1.0000000e-03
  3.3310000e+03	  1.0000000e-03
  3.3320000e+03	  1.0000000e-03
  3.3330000e+03	  1.0000000e-03
  3.3340000e+03	  1.0000000e-03
  3.3350000e+03	  1.0000000e-03
  3.3360000e+03	  1.0000000e-03
  3.3370000e+03	  1.9107400e-02
  3.3380000e+03	  3.7522751e-01
  3.3390000e+03	  6.4677870e-01
  3.3400000e+03	  1.0000000e+00
  3.3410000e+03	  1.0000000e+00
  3.3420000e+03	  1.0000000e+00
  3.3430000e+03	  1.0000000e+00
  3.3440000e+03	  1.0000000e+00
  3.3450000e+03	  1.0000000e+00
  3.3460000e+03	  1.0000000e+00
  3.3470000e+03	  1.0000000e+00
  3.3480000e+03	  1.0000000e+00
  3.3490000e+03	  1.0000000e+00
  3.3500000e+03	  1.0000000e+00
  3.3510000e+03	  1.0000000e+00
  3.3520000e+03	  1.0000000e+00
  3.3530000e+03	  1.0000000e+00
  3.3540000e+03	  1.0000000e+00
  3.3550000e+03	  1.0000000e+00
  3.3560000e+03	  1.0000000e+00
  3.3570000e+03	  1.0000000e+00
  3.3580000e+03	  1.0000000e+00
  3.3590000e+03	  1.0000000e+00
  3.3600000e+03	  1.0000000e+00
  3.3610000e+03	  2.2602110e-01
  3.3620000e+03	  1.0000000e-03
  3.3630000e+03	  1.0000000e-03
  3.3640000e+03	  1.0000000e-03
  3.3650000e+03	  1.0000000e-03
  3.3660000e+03	  1.0000000e-03
  3.3670000e+03	  1.0000000e-03
  3.3680000e+03	  1.0000000e-03
  3.3690000e+03	  1.0000000e-03
  3.3700000e+03	  1.0000000e-03
  3.3710000e+03	  1.0000000e-03
  3.3720000e+03	  1.0000000e-03
  3.3730000e+03	  1.0000000e-03
  3.3740000e+03	  1.0000000e-03
  3.3750000e+03	  1.0000000e-03
  3.3760000e+03	  1.0000000e-03
  3.3770000e+03	  1.0000000e-03
  3.3780000e+03	  1.0000000e-03
  3.3790000e+03	  1.0000000e-03
  3.3800000e+03	  1.0000000e-03
  3.3810000e+03	  1.0000000e-03
  3.3820000e+03	  1.0000000e-03
  3.3830000e+03	  4.6805341e-02
  3.3840000e+03	  4.6731439e-01
  3.3850000e+03	  1.0000000e+00
  3.3860000e+03	  1.0000000e+00
  3.3870000e+03	  1.0000000e+00
  3.3880000e+03	  1.0000000e+00
  3.3890000e+03	  1.0000000e+00
  3.3900000e+03	  1.0000000e+00
  3.3910000e+03	  1.0000000e+00
  3.3920000e+03	  1.0000000e+00
  3.3930000e+03	  1.0000000e+00
  3.3940000e+03	  1.0000000e+00
  3.3950000e+03	  1.0000000e+00
  3.3960000e+03	  1.0000000e+00
  3.3970000e+03	  1.0000000e+00
  3.3980000e+03	  1.0000000e+00
  3.3990000e+03	  1.0000000e+00
  3.4000000e+03	  1.0000000e+00
  3.4010000e+03	  1.0000000e+00
  3.4020000e+03	  1.0000000e+00
  3.4030000e+03	  1.0000000e+00
  3.4040000e+03	  1.0000000e+00
  3.4050000e+03	  1.0000000e+00
  3.4060000e+03	  1.0000000e+00
  3.4070000e+03	  2.0262150e-01
  3.4080000e+03	  3.7750639e-03
  3.4090000e+03	  1.0000000e-03
  3.4100000e+03	  1.0000000e-03
  3.4110000e+03	  1.0000000e-03
  3.4120000e+03	  1.0000000e-03
  3.4130000e+03	  1.0000000e-03
  3.4140000e+03	  1.0000000e-03
  3.4150000e+03	  1.0000000e-03
  3.4160000e+03	  1.0000000e-03
  3.4170000e+03	  1.0000000e-03
  3.4180000e+03	  1.0000000e-03
  3.4190000e+03	  1.0000000e-03
  3.4200000e+03	  1.0000000e-03
  3.4210000e+03	  1.0000000e-03
  3.4220000e+03	  1.0000000e-03
  3.4230000e+03	  1.0000000e-03
  3.4240000e+03	  1.0000000e-03
  3.4250000e+03	  1.0000000e-03
  3.4260000e+03	  1.0000000e-03
  3.4270000e+03	  2.8180981e-03
  3.4280000e+03	  1.4676780e-02
  3.4290000e+03	  2.3936440e-01
  3.4300000e+03	  5.4584843e-01
  3.4310000e+03	  7.2978169e-01
  3.4320000e+03	  1.0000000e+00
  3.4330000e+03	  1.0000000e+00
  3.4340000e+03	  1.0000000e+00
  3.4350000e+03	  1.0000000e+00
  3.4360000e+03	  1.0000000e+00
  3.4370000e+03	  1.0000000e+00
  3.4380000e+03	  1.0000000e+00
  3.4390000e+03	  1.0000000e+00
  3.4400000e+03	  1.0000000e+00
  3.4410000e+03	  1.0000000e+00
  3.4420000e+03	  1.0000000e+00
  3.4430000e+03	  1.0000000e+00
  3.4440000e+03	  1.0000000e+00
  3.4450000e+03	  1.0000000e+00
  3.4460000e+03	  1.0000000e+00
  3.4470000e+03	  1.0000000e+00
  3.4480000e+03	  1.0000000e+00
  3.4490000e+03	  1.0000000e+00
  3.4500000e+03	  1.0000000e+00
  3.4510000e+03	  1.0000000e+00
  3.4520000e+03	  1.0000000e+00
  3.4530000e+03	  2.7067879e-01
  3.4540000e+03	  6.4573653e-02
  3.4550000e+03	  8.0617413e-02
  3.4560000e+03	  4.6610240e-02
  3.4570000e+03	  8.7432452e-02
  3.4580000e+03	  4.9172219e-02
  3.4590000e+03	  9.2782520e-02
  3.4600000e+03	  5.7017479e-02
  3.4610000e+03	  1.0041130e-01
  3.4620000e+03	  6.9150589e-02
  3.4630000e+03	  1.2487100e-01
  3.4640000e+03	  8.1437200e-02
  3.4650000e+03	  1.4617790e-01
  3.4660000e+03	  9.5691606e-02
  3.4670000e+03	  1.6448569e-01
  3.4680000e+03	  1.1898240e-01
  3.4690000e+03	  1.7654610e-01
  3.4700000e+03	  1.3244030e-01
  3.4710000e+03	  1.6609479e-01
  3.4720000e+03	  1.7002741e-01
  3.4730000e+03	  2.0430240e-01
  3.4740000e+03	  3.2445449e-01
  3.4750000e+03	  6.1711240e-01
  3.4760000e+03	  6.3547570e-01
  3.4770000e+03	  1.0000000e+00
  3.4780000e+03	  1.0000000e+00
  3.4790000e+03	  1.0000000e+00
  3.4800000e+03	  1.0000000e+00
  3.4810000e+03	  1.0000000e+00
  3.4820000e+03	  1.0000000e+00
  3.4830000e+03	  1.0000000e+00
  3.4840000e+03	  1.0000000e+00
  3.4850000e+03	  1.0000000e+00
  3.4860000e+03	  1.0000000e+00
  3.4870000e+03	  1.0000000e+00
  3.4880000e+03	  1.0000000e+00
  3.4890000e+03	  1.0000000e+00
  3.4900000e+03	  1.0000000e+00
  3.4910000e+03	  1.0000000e+00
  3.4920000e+03	  1.0000000e+00
  3.4930000e+03	  1.0000000e+00
  3.4940000e+03	  1.0000000e+00
  3.4950000e+03	  1.0000000e+00
  3.4960000e+03	  1.0000000e+00
